year,movie,number_W,number_N,number_W+N
1998,titanic,11,3,14
2004,thelordoftheringsthereturnoftheking,11,0,11
1960,benhur,11,1,12
1962,westsidestory,10,1,11
1959,gigi,9,0,9
1997,theenglishpatient,9,3,12
1988,thelastemperor,9,0,9
1940,gonewiththewind,9,5,14
1985,amadeus,8,3,11
1955,onthewaterfront,8,4,12
1965,myfairlady,8,4,12
1983,gandhi,8,3,11
1954,fromheretoeternity,8,5,13
1973,cabaret,8,2,10
2009,slumdogmillionaire,8,2,10
1958,thebridgeontheriverkwai,7,1,8
1999,shakespeareinlove,7,6,13
1963,lawrenceofarabia,7,3,10
2023,everythingeverywhereallatonce,7,3,10
1947,thebestyearsofourlives,7,1,8
1986,outofafrica,7,4,11
1994,schindlerslist,7,5,12
1971,patton,7,3,10
1978,starwars,7,4,11
2014,gravity,7,3,10
1945,goingmyway,7,3,10
1974,thesting,7,3,10
1991,danceswithwolves,7,5,12
1995,forrestgump,6,7,13
1975,thegodfatherpartii,6,5,11
2010,thehurtlocker,6,3,9
1951,allabouteve,6,8,14
1952,aplaceinthesun,6,3,9
1952,anamericaninparis,6,2,8
2003,chicago,6,7,13
2016,madmaxfuryroad,6,4,10
1943,mrsminiver,6,6,12
1967,amanforallseasons,6,2,8
2022,dune,6,4,10
2017,lalaland,5,7,12
1999,savingprivateryan,5,6,11
2001,gladiator,5,7,12
1965,marypoppins,5,8,13
1961,theapartment,5,5,10
1945,wilson,5,5,10
1968,intheheatofthenight,5,2,7
1972,thefrenchconnection,5,3,8
1996,braveheart,5,5,10
1942,howgreenwasmyvalley,5,5,10
1980,kramervskramer,5,4,9
1982,raidersofthelostark,5,4,9
1953,thebadandthebeautiful,5,1,6
1984,termsofendearment,5,6,11
1935,ithappenedonenight,5,0,5
1992,thesilenceofthelambs,5,2,7
2012,hugo,5,6,11
1976,oneflewoverthecuckoosnest,5,4,9
1957,thekingandi,5,4,9
2005,theaviator,5,6,11
1966,thesoundofmusic,5,5,10
1957,aroundtheworldin80days,5,3,8
1967,whosafraidofvirginiawoolf,5,8,13
1969,oliver,5,6,11
2000,americanbeauty,5,3,8
1979,thedeerhunter,5,4,9
2012,theartist,5,5,10
1966,doctorzhivago,5,5,10
1981,ordinarypeople,4,2,6
1989,rainman,4,4,8
1989,whoframedrogerrabbit,4,3,7
1946,thelostweekend,4,3,7
2015,thegrandbudapesthotel,4,5,9
1978,anniehall,4,1,5
1956,marty,4,4,8
2015,birdmanortheunexpectedvirtueofignorance,4,5,9
2005,milliondollarbaby,4,3,7
1944,thesongofbernadette,4,8,12
1990,drivingmissdaisy,4,5,9
2013,lifeofpi,4,6,10
1980,allthatjazz,4,5,9
1977,network,4,6,10
1970,butchcassidyandthesundancekid,4,3,7
1977,allthepresidentsmen,4,4,8
1958,sayonara,4,6,10
1964,tomjones,4,6,10
1982,chariotsoffire,4,3,7
2020,parasite,4,2,6
1952,astreetcarnameddesire,4,8,12
1983,ettheextraterrestrial,4,5,9
2023,allquietonthewesternfront,4,5,9
2011,thekingsspeech,4,8,12
2011,inception,4,4,8
1987,platoon,4,4,8
1953,highnoon,4,3,7
1993,unforgiven,4,5,9
2019,bohemianrhapsody,4,1,5
1937,anthonyadverse,4,3,7
2001,traffic,4,1,5
1949,hamlet,4,3,7
1964,cleopatra,4,5,9
2007,thedeparted,4,1,5
1950,theheiress,4,4,8
1936,theinformer,4,2,6
2008,nocountryforoldmen,4,4,8
2002,thelordoftheringsthefellowshipofthering,4,9,13
2000,thematrix,4,0,4
1992,terminator2judgmentday,4,2,6
2018,theshapeofwater,4,9,13
1984,therightstuff,4,4,8
1984,fannyalexander,4,2,6
2001,crouchingtigerhiddendragon,4,6,10
1961,spartacus,4,2,6
2002,abeautifulmind,4,4,8
1976,barrylyndon,4,3,7
1991,dicktracy,3,4,7
2008,thebourneultimatum,3,0,3
1978,julia,3,8,11
1951,sunsetblvd,3,8,11
1985,thekillingfields,3,3,6
2009,thecuriouscaseofbenjaminbutton,3,10,13
1956,loveisamanysplendoredthing,3,5,8
2014,12yearsaslave,3,6,9
2014,dallasbuyersclub,3,3,6
1966,darling,3,2,5
1956,therosetattoo,3,5,8
1993,howardsend,3,6,9
1948,gentlemansagreement,3,5,8
1948,miracleon34thstreet,3,1,4
2007,panslabyrinth,3,3,6
2011,thesocialnetwork,3,5,8
1972,fiddlerontheroof,3,5,8
1954,romanholiday,3,7,10
1976,jaws,3,1,4
1994,thepiano,3,5,8
1975,thetoweringinferno,3,5,8
1994,jurassicpark,3,0,3
2010,avatar,3,6,9
1950,allthekingsmen,3,4,7
1973,thegodfather,3,7,10
2006,memoirsofageisha,3,3,6
2006,kingkong,3,1,4
2006,crash,3,3,6
2006,brokebackmountain,3,5,8
1977,rocky,3,7,10
2013,argo,3,3,6
2013,lesmisrables,3,5,8
1949,thetreasureofthesierramadre,3,1,4
1979,cominghome,3,5,8
2017,moonlight,3,5,8
1988,moonstruck,3,3,6
1967,grandprix,3,0,3
1938,thelifeofemilezola,3,7,10
1989,dangerousliaisons,3,4,7
1960,thediaryofannefrank,3,5,8
1970,midnightcowboy,3,4,7
1968,camelot,3,2,5
1964,hud,3,4,7
1970,hellodolly,3,4,7
2003,thepianist,3,4,7
1941,thethiefofbagdad,3,1,4
1987,hannahandhersisters,3,4,7
2021,nomadland,3,3,6
1939,theadventuresofrobinhood,3,1,4
1982,reds,3,9,12
1982,ongoldenpond,3,7,10
2019,blackpanther,3,3,6
1961,elmergantry,3,2,5
1981,tess,3,3,6
1934,cavalcade,3,1,4
2019,roma,3,7,10
2019,greenbook,3,2,5
1987,aroomwithaview,3,5,8
2018,dunkirk,3,5,8
1990,glory,3,2,5
2022,coda,3,0,3
1943,yankeedoodledandy,3,5,8
2015,whiplash,3,2,5
1965,zorbathegreek,3,4,7
1932,cimarron,3,4,7
1944,casablanca,3,5,8
1937,thestoryoflouispasteur,3,1,4
1963,tokillamockingbird,3,5,8
2016,therevenant,3,9,12
1937,thegreatziegfeld,3,4,7
2020,1917,3,7,10
1964,howthewestwaswon,3,5,8
1999,lifeisbeautiful,3,4,7
1968,bonnieandclyde,2,8,10
1953,moulinrouge,2,5,7
2000,topsyturvy,2,2,4
1997,fargo,2,5,7
1962,judgmentatnuremberg,2,9,11
1962,breakfastattiffanys,2,3,5
1964,federicofellinis812,2,3,5
2008,therewillbeblood,2,6,8
2000,theciderhouserules,2,5,7
1953,thequietman,2,5,7
1953,thegreatestshowonearth,2,3,5
1968,doctordolittle,2,7,9
1994,philadelphia,2,3,5
2008,lavieenrose,2,1,3
1966,shipoffools,2,6,8
1963,thelongestday,2,3,5
1973,theposeidonadventure,2,7,9
1962,thehustler,2,7,9
1963,themiracleworker,2,3,5
1968,guesswhoscomingtodinner,2,8,10
1954,therobe,2,3,5
1998,goodwillhunting,2,7,9
1995,thelionking,2,2,4
1996,apollo13,2,7,9
1996,pocahontas,2,0,2
1955,20000leaguesunderthesea,2,1,3
1955,gateofhell,2,0,2
1967,amanandawoman,2,2,4
1959,thedefiantones,2,7,9
1955,thecountrygirl,2,5,7
1959,separatetables,2,5,7
1995,edwood,2,0,2
1955,threecoinsinthefountain,2,1,3
1996,theusualsuspects,2,0,2
1996,restoration,2,0,2
1970,z,2,3,5
1995,speed,2,1,3
1998,laconfidential,2,7,9
1998,asgoodasitgets,2,5,7
2005,theincredibles,2,2,4
2005,ray,2,4,6
1971,ryansdaughter,2,2,4
1957,somebodyuptherelikesme,2,1,3
2004,masterandcommanderthefarsideoftheworld,2,8,10
2004,mysticriver,2,4,6
1956,oklahoma,2,2,4
1956,picnic,2,4,6
2007,littlemisssunshine,2,2,4
2007,dreamgirls,2,6,8
2002,blackhawkdown,2,2,4
2007,aninconvenienttruth,2,0,2
2002,moulinrouge,2,6,8
1969,romeoandjuliet,2,2,4
1969,thelioninwinter,2,4,6
2003,thelordoftheringsthetwotowers,2,4,6
1967,fantasticvoyage,2,3,5
2003,frida,2,4,6
1972,sentinelsofsilence,2,0,2
1972,nicholasandalexandra,2,4,6
1967,bornfree,2,0,2
1972,thelastpictureshow,2,6,8
1960,roomatthetop,2,4,6
2017,hacksawridge,2,4,6
2017,manchesterbythesea,2,4,6
1980,apocalypsenow,2,6,8
1942,sergeantyork,2,9,11
1942,herecomesmrjordan,2,5,7
1980,normarae,2,2,4
2018,bladerunner2049,2,3,5
2018,darkesthour,2,4,6
1940,thewizardofoz,2,3,5
2018,threebillboardsoutsideebbingmissouri,2,5,7
1941,pinocchio,2,0,2
1981,fame,2,4,6
1941,thephiladelphiastory,2,4,6
1941,thegrapesofwrath,2,5,7
1981,melvinandhoward,2,1,3
1941,rebecca,2,9,11
1981,ragingbull,2,6,8
1981,theempirestrikesback,2,2,4
1944,phantomoftheopera,2,2,4
1991,ghost,2,3,5
1945,gaslight,2,5,7
2014,frozen,2,0,2
1978,closeencountersofthethirdkind,2,7,9
2014,thegreatgatsby,2,0,2
2016,spotlight,2,4,6
1979,midnightexpress,2,4,6
1990,thelittlemermaid,2,1,3
1990,myleftfoot,2,3,5
1990,bornonthefourthofjuly,2,6,8
1940,stagecoach,2,5,7
1987,aliens,2,5,7
1934,afarewelltoarms,2,2,4
2021,thefather,2,4,6
2021,soundofmetal,2,4,6
1936,amidsummernightsdream,2,2,4
1984,tendermercies,2,3,5
2021,mank,2,8,10
1935,onenightoflove,2,4,6
2021,maraineysblackbottom,2,3,5
2021,soul,2,1,3
1933,badgirl,2,1,3
1986,witness,2,6,8
1929,wings,2,0,2
1929,7thheaven,2,1,3
1986,cocoon,2,0,2
2023,thewhale,2,1,3
2022,theeyesoftammyfaye,2,0,2
1985,apassagetoindia,2,9,11
1985,placesintheheart,2,5,7
1931,thebighouse,2,2,4
1931,allquietonthewesternfront,2,2,4
1938,thegoodearth,2,3,5
1938,losthorizon,2,5,7
1938,inoldchicago,2,4,6
1982,arthur,2,2,4
1939,boystown,2,3,5
1939,youcanttakeitwithyou,2,5,7
1939,jezebel,2,3,5
1938,astarisborn,2,6,8
2020,onceuponatimeinhollywood,2,8,10
2020,fordvferrari,2,2,4
2020,joker,2,9,11
1983,anofficerandagentleman,2,4,6
1975,earthquake,2,3,5
1948,blacknarcissus,2,0,2
2010,up,2,3,5
1993,bramstokersdracula,2,1,3
1946,nationalvelvet,2,3,5
1948,adoublelife,2,2,4
1977,boundforglory,2,4,6
2012,theironlady,2,0,2
2013,djangounchained,2,2,4
1948,greatexpectations,2,3,5
1950,alettertothreewives,2,1,3
1949,thenakedcity,2,1,3
1950,battleground,2,4,6
1976,thehindenburg,2,3,5
1950,twelveoclockhigh,2,2,4
1975,thegreatgatsby,2,0,2
1949,theredshoes,2,3,5
1974,theexorcist,2,8,10
2011,aliceinwonderland,2,1,3
2011,thefighter,2,5,7
1992,bugsy,2,8,10
2010,preciousbasedonthenovelpushbysapphire,2,4,6
1947,theyearling,2,5,7
1992,jfk,2,6,8
1947,thejolsonstory,2,4,6
1947,annaandthekingofsiam,2,3,5
1951,samsonanddelilah,2,3,5
1993,aladdin,2,3,5
2011,toystory3,2,3,5
2009,thedarkknight,2,6,8
1949,joanofarc,2,5,7
1992,beautyandthebeast,2,4,6
2010,crazyheart,2,1,3
2013,lincoln,2,10,12
1951,kingsolomonsmines,2,1,3
2009,milk,2,6,8
1974,thewaywewere,2,4,6
1993,ariverrunsthroughit,1,2,3
1994,mrsdoubtfire,1,0,1
1988,youngatheart,1,0,1
1997,quest,1,0,1
1997,kolya,1,0,1
1988,raysmaleheterosexualdancehall,1,0,1
1988,robocop,1,2,3
1988,themanwhoplantedtrees,1,0,1
1997,jerrymaguire,1,4,5
1988,thetenyearlunchthewitandlegendofthealgonquinroundtable,1,0,1
1988,theuntouchables,1,3,4
1997,independenceday,1,1,2
1988,wallstreet,1,0,1
1997,evita,1,4,5
1997,emma,1,1,2
1997,shine,1,6,7
1997,slingblade,1,1,2
1994,theageofinnocence,1,4,5
1994,thefugitive,1,6,7
1994,thewrongtrousers,1,0,1
1997,whenwewerekings,1,0,1
1997,thenuttyprofessor,1,0,1
1997,theghostandthedarkness,1,0,1
1988,babettesfeast,1,0,1
1988,dirtydancing,1,0,1
1988,harryandthehendersons,1,0,1
1988,innerspace,1,0,1
1998,astoryofhealing,1,0,1
1998,character,1,0,1
1998,gerisgame,1,0,1
1994,iamapromisethechildrenofstantonelementaryschool,1,0,1
1998,meninblack,1,2,3
1986,mollyspilgrim,1,0,1
1986,thetriptobountiful,1,1,2
1986,theofficialstory,1,1,2
1986,ran,1,3,4
1986,prizzishonor,1,7,8
1986,mask,1,0,1
1986,kissofthespiderwoman,1,3,4
1986,brokenrainbow,1,0,1
1986,backtothefuture,1,3,4
1986,whitenights,1,1,2
1986,witnesstowardrcharlieclements,1,0,1
1998,visasandvirtue,1,0,1
1998,thelongwayhome,1,0,1
1998,thefullmonty,1,3,4
1993,gregcannommichleburkematthewwmung,1,0,1
1994,belleepoque,1,0,1
1987,thefly,1,0,1
1987,womenforamericafortheworld,1,0,1
1993,indochine,1,1,2
1987,topgun,1,3,4
1994,blackriderschwarzfahrer,1,0,1
1993,educatingpeter,1,0,1
1994,defendingourlives,1,0,1
1993,deathbecomesher,1,0,1
1987,themission,1,6,7
1993,monalisadescendingastaircase,1,0,1
1987,agreektragedy,1,0,1
1993,thecryinggame,1,5,6
1993,mycousinvinny,1,0,1
1993,thelastofthemohicans,1,0,1
1993,thepanamadeception,1,0,1
1993,scentofawoman,1,3,4
1993,omnibus,1,0,1
1987,childrenofalessergod,1,4,5
1987,preciousimages,1,0,1
1987,roundmidnight,1,1,2
1987,theassault,1,0,1
1987,thecolorofmoney,1,3,4
1997,deardiary,1,0,1
1995,bobsbirthday,1,0,1
1995,burntbythesun,1,0,1
1990,deadpoetssociety,1,3,4
1990,commonthreadsstoriesfromthequilt,1,0,1
1990,cinemaparadiso,1,0,1
1995,bulletsoverbroadway,1,6,7
1990,batman,1,0,1
1990,balance,1,0,1
1990,henryv,1,2,3
1990,indianajonesandthelastcrusade,1,2,3
1995,legendsofthefall,1,2,3
1990,workexperience,1,0,1
1990,thejohnstownflood,1,0,1
1990,theabyss,1,3,4
1996,mightyaphrodite,1,1,2
1996,deadmanwalking,1,3,4
1996,leavinglasvegas,1,3,4
1996,liebermaninlove,1,0,1
1996,onesurvivorremembers,1,0,1
1996,babe,1,6,7
1995,atimeforjustice,1,0,1
1996,antoniasline,1,0,1
1996,annefrankremembered,1,0,1
1996,acloseshave,1,0,1
1995,bluesky,1,0,1
1995,themadnessofkinggeorge,1,3,4
1991,journeyofhope,1,0,1
1991,daysofwaiting,1,0,1
1991,cyranodebergerac,1,4,5
1991,creaturecomforts,1,0,1
1991,americandream,1,0,1
1991,misery,1,0,1
1991,reversaloffortune,1,2,3
1991,totalrecall,1,2,3
1991,thehuntforredoctober,1,2,3
1991,thelunchdate,1,0,1
1995,theadventuresofpriscillaqueenofthedesert,1,0,1
1995,mayalinastrongclearvision,1,0,1
1995,pulpfiction,1,6,7
1997,breathinglessonsthelifeandworkofmarkobrien,1,0,1
1991,goodfellas,1,5,6
1992,thelmalouise,1,5,6
1992,deadlydeceptiongeneralelectricnuclearweaponsandourenvironment,1,0,1
1992,cityslickers,1,0,1
1989,youdonthavetodie,1,0,1
1989,workinggirl,1,5,6
1996,senseandsensibility,1,6,7
1996,thepostmanilpostino,1,4,5
1996,toystory,1,3,4
1992,intheshadowofthestars,1,0,1
1989,tintoy,1,0,1
1989,bird,1,0,1
1989,beetlejuice,1,0,1
1989,afishcalledwanda,1,2,3
1992,thefisherking,1,4,5
1989,hotelterminusthelifeandtimesofklausbarbie,1,0,1
1989,mississippiburning,1,6,7
1992,sessionman,1,0,1
1989,pelletheconqueror,1,1,2
1992,mediterraneo,1,0,1
1989,theaccidentaltourist,1,3,4
1992,manipulation,1,0,1
1989,theaccused,1,0,1
1989,theappointmentsofdennisjennings,1,0,1
1989,themilagrobeanfieldwar,1,0,1
2015,americansniper,1,5,6
2015,bighero6,1,0,1
2015,boyhood,1,5,6
2015,citizenfour,1,0,1
2015,crisishotlineveteranspress1,1,0,1
2015,feast,1,0,1
2015,ida,1,1,2
2015,interstellar,1,4,5
2015,selma,1,1,2
2015,stillalice,1,0,1
2015,theimitationgame,1,7,8
2015,thephonecall,1,0,1
2015,thetheoryofeverything,1,4,5
2016,agirlintheriverthepriceofforgiveness,1,0,1
2017,arrival,1,7,8
2017,cityofstars,1,0,1
2017,fantasticbeastsandwheretofindthem,1,1,2
2017,fences,1,3,4
2017,ojmadeinamerica,1,0,1
2017,piper,1,0,1
2017,sing,1,0,1
2017,suicidesquad,1,0,1
2017,thejunglebook,1,0,1
2017,thesalesman,1,0,1
2017,thewhitehelmets,1,0,1
2017,zootopia,1,0,1
2016,amy,1,0,1
2016,stutterer,1,0,1
2016,thehatefuleight,1,2,3
2016,thedanishgirl,1,3,4
2016,thebigshort,1,4,5
2016,spectre,1,0,1
2016,sonofsaul,1,0,1
2016,room,1,3,4
2016,insideout,1,1,2
2016,exmachina,1,1,2
2016,bridgeofspies,1,5,6
2016,bearstory,1,0,1
2012,themuppets,1,0,1
2012,undefeated,1,0,1
2012,theshore,1,0,1
2012,thehelp,1,3,4
2012,thegirlwiththedragontattoo,1,4,5
2012,aseparation,1,1,2
2012,beginners,1,0,1
2012,midnightinparis,1,3,4
2012,rango,1,0,1
2012,savingface,1,0,1
2012,thedescendants,1,4,5
2012,thefantasticflyingbooksofmrmorrislessmore,1,0,1
2014,20feetfromstardom,1,0,1
2014,theladyinnumber6musicsavedmylife,1,0,1
2014,thegreatbeauty,1,0,1
2014,mrhublot,1,0,1
2014,her,1,4,5
2014,helium,1,0,1
2014,bluejasmine,1,2,3
2013,amour,1,4,5
2013,annakarenina,1,3,4
2013,brave,1,0,1
2013,curfew,1,0,1
2013,inocente,1,0,1
2013,paperman,1,0,1
2013,searchingforsugarman,1,0,1
2013,silverliningsplaybook,1,7,8
2013,skyfall,1,3,4
2021,twodistantstrangers,1,0,1
2021,tenet,1,1,2
2021,anotherround,1,1,2
2021,promisingyoungwoman,1,4,5
2021,myoctopusteacher,1,0,1
2021,minari,1,5,6
2021,judasandtheblackmessiah,1,4,5
2021,ifanythinghappensiloveyou,1,0,1
2021,fightforyou,1,0,1
2021,colette,1,0,1
2023,anirishgoodbye,1,0,1
2023,avatarthewayofwater,1,3,4
2023,blackpantherwakandaforever,1,3,4
2023,danielroherodessaraedianebeckermelaniemillerandshaneboris,1,0,1
2023,guillermodeltorospinocchio,1,0,1
2023,kartikigonsalvesandguneetmonga,1,0,1
2023,naatunaatu,1,0,1
2023,theboythemolethefoxandthehorse,1,0,1
2023,topgunmaverick,1,4,5
2022,thepowerofthedog,1,11,12
2022,belfast,1,5,6
2022,cruella,1,1,2
2022,drivemycar,1,3,4
2022,encanto,1,1,2
2022,kingrichard,1,4,5
2022,notimetodie,1,2,3
2022,summerofsoulorwhentherevolutioncouldnotbetelevised,1,0,1
2022,thelonggoodbye,1,0,1
2022,thequeenofbasketball,1,0,1
2022,thewindshieldwiper,1,0,1
2022,westsidestory,1,6,7
2018,thesilentchild,1,0,1
2018,rememberme,1,0,1
2018,callmebyyourname,1,2,3
2018,phantomthread,1,5,6
2018,itonya,1,2,3
2018,icarus,1,0,1
2018,heavenisatrafficjamonthe405,1,0,1
2018,getout,1,3,4
2018,dearbasketball,1,0,1
2018,coco,1,0,1
2018,afantasticwoman,1,0,1
2020,americanfactory,1,0,1
2020,bombshell,1,2,3
2020,hairlove,1,0,1
2020,imgonnalovemeagain,1,0,1
2020,jojorabbit,1,5,6
2020,judy,1,1,2
2020,learningtoskateboardinawarzoneifyoureagirl,1,0,1
2020,littlewomen,1,5,6
2020,marriagestory,1,5,6
2020,theneighborswindow,1,0,1
2020,toystory4,1,0,1
2019,shallow,1,0,1
2019,bao,1,0,1
2019,blackkklansman,1,5,6
2019,firstman,1,3,4
2019,freesolo,1,0,1
2019,ifbealestreetcouldtalk,1,2,3
2019,periodendofsentence,1,0,1
2019,skin,1,0,1
2019,spidermanintothespiderverse,1,0,1
2019,thefavourite,1,9,10
2019,vice,1,7,8
2003,8mile,1,0,1
2003,adaptation,1,3,4
2003,bowlingforcolumbine,1,0,1
2003,nowhereinafrica,1,0,1
2003,roadtoperdition,1,5,6
2003,spiritedaway,1,0,1
2003,talktoher,1,1,2
2003,thechubbchubbs,1,0,1
2002,forthebirds,1,0,1
2002,gosfordpark,1,6,7
2002,iris,1,2,3
2002,monstersball,1,1,2
2002,monstersinc,1,3,4
2002,murderonasundaymorning,1,0,1
2002,nomansland,1,0,1
2002,pearlharbor,1,3,4
2002,shrek,1,1,2
2002,theaccountant,1,0,1
2002,thoth,1,0,1
2002,trainingday,1,1,2
2003,thehours,1,8,9
2003,thischarmingmandererenyndigmand,1,0,1
2003,twintowers,1,0,1
2004,twosoldiers,1,0,1
2004,thefogofwar,1,0,1
2004,thebarbarianinvasions,1,1,2
2004,monster,1,0,1
2004,lostintranslation,1,3,4
2004,harviekrumpet,1,0,1
2004,findingnemo,1,3,4
2004,chernobylheart,1,0,1
2004,coldmountain,1,6,7
1999,thepersonalsimprovisationsonromanceinthegoldenyears,1,0,1
1999,whatdreamsmaycome,1,1,2
1999,theprinceofegypt,1,1,2
1999,thelastdays,1,0,1
1999,godsandmonsters,1,2,3
1999,affliction,1,1,2
1999,bunny,1,0,1
1999,electionnightvalgaften,1,0,1
1999,elizabeth,1,6,7
2001,almostfamous,1,3,4
2001,pollock,1,1,2
2001,intothearmsofstrangersstoriesofthekindertransport,1,0,1
2001,fatheranddaughter,1,0,1
2001,erinbrockovich,1,4,5
2001,drseusshowthegrinchstolechristmas,1,2,3
2001,bigmama,1,0,1
2001,quieroseriwanttobe,1,0,1
2001,u571,1,1,2
2001,wonderboys,1,2,3
2000,allaboutmymother,1,0,1
2000,boysdontcry,1,1,2
2000,girlinterrupted,1,0,1
2000,kinggimp,1,0,1
2000,mymotherdreamsthesatansdisciplesinnewyork,1,0,1
2000,onedayinseptember,1,0,1
2000,sleepyhollow,1,2,3
2000,tarzan,1,0,1
2000,theoldmanandthesea,1,0,1
2000,theredviolin,1,0,1
2005,bornintobrothels,1,0,1
2009,lamaisonenpetitscubes,1,0,1
2009,walle,1,5,6
2009,vickycristinabarcelona,1,0,1
2009,thereader,1,4,5
2009,theduchess,1,1,2
2009,spielzeuglandtoyland,1,0,1
2009,smilepinki,1,0,1
2009,manonwire,1,0,1
2009,departures,1,0,1
2008,sweeneytoddthedemonbarberoffleetstreet,1,2,3
2008,thegoldencompass,1,1,2
2008,thecounterfeiters,1,0,1
2011,blackswan,1,4,5
2011,godoflove,1,0,1
2011,inabetterworld,1,0,1
2011,insidejob,1,0,1
2011,strangersnomore,1,0,1
2011,thelostthing,1,0,1
2011,thewolfman,1,0,1
2010,inglouriousbasterds,1,7,8
2010,logorama,1,0,1
2010,musicbyprudence,1,0,1
2010,startrek,1,3,4
2010,theblindside,1,1,2
2010,thecove,1,0,1
2010,thenewtenants,1,0,1
2010,thesecretintheireyes,1,0,1
2010,theyoungvictoria,1,2,3
2008,taxitothedarkside,1,0,1
2008,ratatouille,1,4,5
2005,eternalsunshineofthespotlessmind,1,1,2
2006,hustleflow,1,1,2
2006,themoonandthesonanimaginedconversation,1,0,1
2006,theconstantgardener,1,3,4
2006,thechroniclesofnarniathelionthewitchandthewardrobe,1,2,3
2006,syriana,1,1,2
2006,sixshooter,1,0,1
2006,marchofthepenguins,1,0,1
2006,capote,1,4,5
2006,anoteoftriumphthegoldenageofnormancorwin,1,0,1
2006,tsotsi,1,0,1
2006,walktheline,1,4,5
2006,wallacegromitinthecurseofthewererabbit,1,0,1
2008,peterthewolf,1,0,1
2005,theseainside,1,1,2
1986,annabella,1,0,1
2005,themotorcyclediaries,1,1,2
2005,spiderman2,1,2,3
2005,sideways,1,4,5
2005,ryan,1,0,1
2005,mightytimesthechildrensmarch,1,0,1
2005,lemonysnicketsaseriesofunfortunateevents,1,3,4
2005,findingneverland,1,6,7
2008,atonement,1,6,7
2008,elizabeththegoldenage,1,1,2
2008,freeheld,1,0,1
2008,juno,1,3,4
2008,lemozartdespickpocketsthemozartofpickpockets,1,0,1
2008,michaelclayton,1,6,7
2008,once,1,0,1
2007,babel,1,6,7
2007,happyfeet,1,0,1
2007,lettersfromiwojima,1,3,4
2007,marieantoinette,1,0,1
2007,piratesofthecaribbeandeadmanschest,1,3,4
2007,thebloodofyingzhoudistrict,1,0,1
2007,thedanishpoet,1,0,1
2007,thelastkingofscotland,1,0,1
2007,thelivesofothers,1,0,1
2007,thequeen,1,5,6
2007,westbankstory,1,0,1
2005,wasp,1,0,1
1976,angelandbigjoe,1,0,1
1948,songofthesouth,1,1,2
1948,tweetiepie,1,0,1
1948,thefarmersdaughter,1,1,2
1948,thebishopswife,1,4,5
1948,thebachelorandthebobbysoxer,1,0,1
1948,motherworetights,1,2,3
1948,greendolphinstreet,1,3,4
1948,goodbyemissturlock,1,0,1
1948,firststeps,1,0,1
1948,designfordeath,1,0,1
1948,climbingthematterhorn,1,0,1
1948,bodyandsoul,1,2,3
1947,vacationfrommarriage,1,0,1
1947,toeachhisown,1,1,2
1947,theseventhveil,1,0,1
1947,therazorsedge,1,3,4
1947,theharveygirls,1,1,2
1947,thecatconcerto,1,0,1
1947,seedsofdestiny,1,0,1
1947,facingyourdanger,1,0,1
1947,blithespirit,1,0,1
1947,aboyandhisdog,1,0,1
1949,towardindependence,1,0,1
1949,thesnakepit,1,5,6
1949,thesecretland,1,0,1
1949,thesearch,1,3,4
1949,thepaleface,1,0,1
1949,thelittleorphan,1,0,1
1949,symphonyofacity,1,0,1
1949,sealisland,1,0,1
1949,portraitofjennie,1,1,2
1949,monsieurvincent,1,0,1
1949,keylargo,1,0,1
1949,johnnybelinda,1,11,12
1949,easterparade,1,0,1
1945,withthemarinesattarawa,1,0,1
1945,whoswhoinanimalland,1,0,1
1945,thirtysecondsovertokyo,1,1,2
1945,thefightinglady,1,0,1
1945,sinceyouwentaway,1,8,9
1945,nonebutthelonelyheart,1,3,4
1945,mousetrouble,1,0,1
1945,laura,1,4,5
1945,iwontplay,1,0,1
1945,covergirl,1,4,5
1946,wonderman,1,3,4
1946,thetrueglory,1,0,1
1946,thepictureofdoriangray,1,2,3
1946,thehouseon92ndstreet,1,0,1
1946,thehouseilivein,1,0,1
1946,thebellsofstmarys,1,7,8
1946,statefair,1,1,2
1946,starinthenight,1,0,1
1946,stairwaytolight,1,0,1
1946,spellbound,1,5,6
1946,quietplease,1,0,1
1946,atreegrowsinbrooklyn,1,1,2
1946,mildredpierce,1,5,6
1946,marielouise,1,0,1
1946,leavehertoheaven,1,3,4
1946,hitlerlives,1,0,1
1946,frenchmanscreek,1,0,1
1946,bloodonthesun,1,0,1
1946,anchorsaweigh,1,4,5
1954,bearcountry,1,0,1
1954,calamityjane,1,2,3
1954,callmemadam,1,1,2
1954,juliuscaesar,1,4,5
1954,tootwhistleplunkandboom,1,0,1
1954,titanic,1,1,2
1954,lili,1,5,6
1954,thewaroftheworlds,1,2,3
1954,themerrywivesofwindsoroverture,1,0,1
1954,thelivingdesert,1,0,1
1954,thealaskaneskimo,1,0,1
1954,stalag17,1,2,3
1954,shane,1,5,6
1953,lightinthewindowtheartofvermeer,1,0,1
1953,withasonginmyheart,1,4,5
1953,waterbirds,1,0,1
1953,vivazapata,1,4,5
1953,theseaaroundus,1,0,1
1953,thelavenderhillmob,1,1,2
1953,plymouthadventure,1,0,1
1956,eastofeden,1,3,4
1956,misterroberts,1,2,3
1956,menagainstthearctic,1,0,1
1956,lovemeorleaveme,1,5,6
1956,interruptedmelody,1,2,3
1956,illcrytomorrow,1,3,4
1956,helenkellerinherstory,1,0,1
1955,theglennmillerstory,1,2,3
1955,whenmagooflew,1,0,1
1955,thursdayschildren,1,0,1
1955,thismechanicalage,1,0,1
1955,thevanishingprairie,1,0,1
1955,thelittlekidnappers,1,0,1
1955,thehighandthemighty,1,5,6
1955,thebarefootcontessa,1,1,2
1955,sevenbridesforsevenbrothers,1,4,5
1955,sabrina,1,5,6
1955,brokenlance,1,1,2
1955,atimeoutofwar,1,0,1
1953,neighbours,1,1,2
1953,johannmouse,1,0,1
1951,cyranodebergerac,1,0,1
1951,captaincareyusa,1,0,1
1951,bornyesterday,1,4,5
1951,anniegetyourgun,1,3,4
1951,destinationmoon,1,1,2
1951,geraldmcboingboing,1,0,1
1951,grandadofraces,1,0,1
1951,harvey,1,1,2
1951,whykorea,1,0,1
1951,thewallsofmalapaga,1,0,1
1951,thetitanstoryofmichelangelo,1,0,1
1951,thethirdman,1,2,3
1951,panicinthestreets,1,0,1
1951,inbeavervalley,1,0,1
1953,forbiddengames,1,0,1
1950,vangogh,1,0,1
1950,thestrattonstory,1,0,1
1950,thebicyclethief,1,1,2
1950,theadventuresofdonjuan,1,1,2
1950,sheworeayellowribbon,1,0,1
1950,onthetown,1,0,1
1950,neptunesdaughter,1,0,1
1950,mightyjoeyoung,1,0,1
1950,littlewomen,1,1,2
1950,forscentimentalreasons,1,0,1
1950,daybreakinudi,1,0,1
1950,champion,1,5,6
1950,aquatichouseparty,1,0,1
1953,comebacklittlesheba,1,2,3
1953,breakingthesoundbarrier,1,1,2
1952,theafricanqueen,1,3,4
1952,worldofkids,1,0,1
1952,whenworldscollide,1,1,2
1952,thetwomouseketeers,1,0,1
1952,thegreatcaruso,1,2,3
1952,sevendaystonoon,1,0,1
1952,rashomon,1,0,1
1952,natureshalfacre,1,0,1
1952,kontiki,1,0,1
1952,herecomesthegroom,1,1,2
1952,benjy,1,0,1
1937,mrdeedsgoestotown,1,4,5
1937,thepublicpays,1,0,1
1937,thegardenofallah,1,2,3
1937,thecountrycousin,1,0,1
1937,thechargeofthelightbrigade,1,2,3
1937,swingtime,1,1,2
1937,sanfrancisco,1,5,6
1937,givemeliberty,1,0,1
1937,dodsworth,1,6,7
1937,comeandgetit,1,1,2
1937,boredofeducation,1,0,1
1936,threeorphankittens,1,0,1
1936,wingsovermteverest,1,0,1
1936,thescoundrel,1,0,1
1936,dangerous,1,0,1
1936,thelivesofabengallancer,1,6,7
1936,thedarkangel,1,2,3
1936,naughtymarietta,1,1,2
1936,mutinyonthebounty,1,7,8
1936,howtosleep,1,0,1
1936,golddiggersof1935,1,0,1
1938,waikikiwedding,1,1,2
1938,torturemoney,1,0,1
1938,theprivatelifeofthegannets,1,0,1
1938,theoldmill,1,0,1
1939,declarationofindependence,1,0,1
1939,alexandersragtimeband,1,5,6
1938,thehurricane,1,2,3
1938,theawfultruth,1,5,6
1938,pennywisdom,1,0,1
1938,onehundredmenandagirl,1,4,5
1938,captainscourageous,1,3,4
1938,adamselindistress,1,1,2
1931,thedivorcee,1,3,4
1931,kingofjazz,1,0,1
1931,disraeli,1,2,3
1931,withbyrdatthesouthpole,1,0,1
1932,thedawnpatrol,1,0,1
1932,tabu,1,0,1
1932,skippy,1,3,4
1932,minandbill,1,0,1
1932,afreesoul,1,2,3
1929,underworld,1,0,1
1929,twoarabianknights,1,0,1
1929,sunrise,1,0,1
1930,coquette,1,0,1
1930,whiteshadowsinthesouthseas,1,0,1
1930,thepatriot,1,4,5
1930,thedivinelady,1,2,3
1930,thebroadwaymelody,1,2,3
1930,thebridgeofsanluisrey,1,0,1
1930,inoldarizona,1,4,5
1934,thethreelittlepigs,1,0,1
1934,theprivatelifeofhenryviii,1,1,2
1934,sothisisharris,1,0,1
1934,onewaypassage,1,0,1
1934,morningglory,1,0,1
1934,littlewomen,1,2,3
1934,krakatoa,1,0,1
1935,lacucaracha,1,0,1
1935,vivavilla,1,3,4
1935,thetortoiseandthehare,1,0,1
1935,themerrywidow,1,0,1
1935,thegaydivorcee,1,4,5
1935,manhattanmelodrama,1,0,1
1935,eskimo,1,0,1
1935,cleopatra,1,4,5
1935,cityofwax,1,0,1
1933,shanghaiexpress,1,2,3
1933,grandhotel,1,0,1
1933,flowersandtrees,1,0,1
1933,theguardsman,1,1,2
1933,thechamp,1,3,4
1933,themusicbox,1,0,1
1933,thesinofmadelonclaudet,1,0,1
1933,wrestlingswordfish,1,0,1
1933,transatlantic,1,0,1
1939,ferdinandthebull,1,0,1
1939,kentucky,1,0,1
1939,pygmalion,1,3,4
1943,reapthewildwind,1,2,3
1943,womanoftheyear,1,1,2
1943,thisaboveall,1,3,4
1943,theprideoftheyankees,1,10,11
1943,theinvaders,1,2,3
1943,theblackswan,1,2,3
1943,speakingofanimalsandtheirfamilies,1,0,1
1943,nowvoyager,1,2,3
1943,mygalsal,1,1,2
1943,johnnyeager,1,0,1
1943,inwhichweserve,1,0,1
1943,holidayinn,1,2,3
1943,derfuehrersface,1,0,1
1943,beyondthelineofduty,1,0,1
1939,thatmothersmightlive,1,0,1
1942,suspicion,1,2,3
1942,ofpupsandpuzzles,1,0,1
1942,mainstreetonthemarch,1,0,1
1942,lendapaw,1,0,1
1942,ladybegood,1,0,1
1942,iwantedwings,1,0,1
1942,dumbo,1,1,2
1942,citizenkane,1,8,9
1942,churchillsisland,1,0,1
1942,blossomsinthedust,1,3,4
1942,bloodandsand,1,1,2
1942,allthatmoneycanbuy,1,1,2
1942,thathamiltonwoman,1,3,4
1942,thegreatlie,1,0,1
1944,december7th,1,0,1
1944,crashdive,1,0,1
1944,amphibiousfighters,1,0,1
1944,airforce,1,3,4
1944,desertvictory,1,0,1
1944,forwhomthebelltolls,1,8,9
1944,heavenlymusic,1,0,1
1944,yankeedoodlemouse,1,0,1
1944,hellofriscohello,1,1,2
1944,watchontherhine,1,3,4
1944,thislandismine,1,0,1
1944,thisisthearmy,1,2,3
1944,themorethemerrier,1,5,6
1944,thehumancomedy,1,4,5
1944,princessorourke,1,0,1
1941,arisemylove,1,3,4
1940,wutheringheights,1,7,8
1940,whentomorrowcomes,1,0,1
1940,theuglyduckling,1,0,1
1940,therainscame,1,4,5
1940,sonsofliberty,1,0,1
1939,thegreatwaltz,1,2,3
1939,thecowboyandthelady,1,2,3
1939,thebigbroadcastof1938,1,0,1
1940,mrsmithgoestowashington,1,10,11
1940,goodbyemrchips,1,6,7
1940,busylittlebears,1,0,1
1941,kittyfoyle,1,4,5
1941,northwestmountedpolice,1,4,5
1941,tinpanalley,1,0,1
1941,thewesterner,1,2,3
1941,themilkyway,1,0,1
1941,thegreatmcginty,1,0,1
1941,teddytheroughrider,1,0,1
1941,strikeuptheband,1,2,3
1941,quickernawink,1,0,1
1941,prideandprejudice,1,0,1
1956,samuraithelegendofmusashi,1,0,1
1956,speedygonzales,1,0,1
1956,survivalcity,1,0,1
1975,oneeyedmenarekings,1,0,1
1975,murderontheorientexpress,1,5,6
1975,alicedoesntlivehereanymore,1,2,3
1975,heartsandminds,1,0,1
1975,harryandtonto,1,1,2
1975,dont,1,0,1
1975,closedmondays,1,0,1
1975,chinatown,1,10,11
1975,amarcord,1,0,1
1976,dersuuzala,1,0,1
1976,dogdayafternoon,1,5,6
1976,great,1,0,1
1977,theomen,1,1,2
1977,numberourdays,1,0,1
1977,leisure,1,0,1
1977,intheregionofice,1,0,1
1977,harlancountyusa,1,0,1
1977,felliniscasanova,1,1,2
1977,blackandwhiteincolor,1,0,1
1977,astarisborn,1,3,4
1976,thesunshineboys,1,3,4
1976,themanwhoskieddowneverest,1,0,1
1976,theendofthegame,1,0,1
1976,shampoo,1,3,4
1976,nashville,1,4,5
1972,shaft,1,1,2
1972,thehospital,1,1,2
1972,thehellstromchronicle,1,0,1
1972,thegardenofthefinzicontinis,1,1,2
1972,thecrunchbird,1,0,1
1972,summerof42,1,3,4
1972,klute,1,1,2
1972,bedknobsandbroomsticks,1,4,5
1971,airport,1,9,10
1971,cromwell,1,1,2
1971,interviewswithmylaiveterans,1,0,1
1971,womeninlove,1,3,4
1971,woodstock,1,2,3
1971,toratoratora,1,4,5
1971,investigationofacitizenabovesuspicion,1,0,1
1971,theresurrectionofbronchobilly,1,0,1
1971,mash,1,4,5
1971,lovestory,1,6,7
1971,loversandotherstrangers,1,2,3
1971,letitbe,1,0,1
1971,isitalwaysrighttoberight,1,0,1
1974,papermoon,1,3,4
1974,thepaperchase,1,2,3
1974,thegreatamericancowboy,1,0,1
1974,thebolero,1,0,1
1974,savethetiger,1,2,3
1974,princetonasearchforanswers,1,0,1
1974,frankfilm,1,0,1
1974,dayfornight,1,0,1
1974,criesandwhispers,1,4,5
1974,atouchofclass,1,4,5
1973,travelswithmyaunt,1,3,4
1973,thistinyworld,1,0,1
1973,achristmascarol,1,0,1
1973,thediscreetcharmofthebourgeoisie,1,1,2
1973,thecandidate,1,1,2
1973,normanrockwellsworldanamericandream,1,0,1
1973,marjoe,1,0,1
1973,limelight,1,0,1
1973,butterfliesarefree,1,2,3
1983,justanothermissingkid,1,0,1
1983,volveraempezartobeginagain,1,0,1
1983,victorvictoria,1,6,7
1983,tootsie,1,9,10
1983,tango,1,0,1
1983,sophieschoice,1,4,5
1983,questforfire,1,0,1
1984,boysandgirls,1,0,1
1983,missing,1,3,4
1983,ifyoulovethisplanet,1,0,1
1983,ashockingaccident,1,0,1
1982,violet,1,0,1
1982,mephisto,1,0,1
1982,genocide,1,0,1
1982,crac,1,0,1
1982,closeharmony,1,0,1
1982,anamericanwerewolfinlondon,1,0,1
1984,flamencoat515,1,0,1
1984,flashdance,1,3,4
1984,hemakesmefeellikedancin,1,0,1
1984,returnofthejedi,1,4,5
1985,up,1,0,1
1985,thewomaninred,1,0,1
1985,thetimesofharveymilk,1,0,1
1985,thestonecarvers,1,0,1
1985,theriver,1,4,5
1985,purplerain,1,0,1
1985,indianajonesandthetempleofdoom,1,1,2
1985,dangerousmoves,1,0,1
1985,charade,1,0,1
1984,yentl,1,4,5
1984,theyearoflivingdangerously,1,0,1
1984,sundaeinnewyork,1,0,1
1979,theflightofthegossamercondor,1,0,1
1979,thebuddyhollystory,1,2,3
1979,thankgoditsfriday,1,0,1
1979,teenagefather,1,0,1
1979,superman,1,3,4
1979,specialdelivery,1,0,1
1979,scaredstraight,1,0,1
1979,heavencanwait,1,8,9
1979,getoutyourhandkerchiefs,1,0,1
1979,deathonthenile,1,0,1
1979,daysofheaven,1,3,4
1979,californiasuite,1,2,3
1978,youlightupmylife,1,0,1
1978,whoarethedeboltsandwheredidtheygetnineteenkids,1,0,1
1978,thesandcastle,1,0,1
1978,thegoodbyegirl,1,4,5
1978,madamerosa,1,0,1
1978,illfindaway,1,0,1
1978,gravityismyenemy,1,0,1
1978,alittlenightmusic,1,1,2
1981,thefly,1,0,1
1981,thedollarbottom,1,0,1
1981,moscowdoesnotbelieveintears,1,0,1
1981,karlhesstowardliberty,1,0,1
1981,frommaotomozartisaacsterninchina,1,0,1
1981,coalminersdaughter,1,6,7
1980,alittleromance,1,1,2
1980,paulrobesontributetoanartist,1,0,1
1980,everychild,1,0,1
1980,breakingaway,1,4,5
1980,boardandcare,1,0,1
1980,bestboy,1,0,1
1980,beingthere,1,1,2
1980,alien,1,1,2
1980,thetindrum,1,0,1
1980,theblackstallion,1,2,3
1956,thebridgesattokori,1,1,2
1961,neveronsunday,1,4,5
1961,munro,1,0,1
1961,giuseppina,1,0,1
1961,exodus,1,2,3
1961,dayofthepainter,1,0,1
1961,butterfield8,1,1,2
1961,pollyanna,1,0,1
1961,songwithoutendthestoryoffranzliszt,1,0,1
1961,sonsandlovers,1,6,7
1961,thealamo,1,6,7
1961,thevirginspring,1,1,2
1961,thetimemachine,1,0,1
1961,thehorsewiththeflyingtail,1,0,1
1961,thefactsoflife,1,4,5
1960,thegoldenfish,1,0,1
1960,somelikeithot,1,5,6
1960,serengetishallnotdie,1,0,1
1960,porgyandbess,1,3,4
1960,pillowtalk,1,4,5
1960,moonbird,1,0,1
1960,glass,1,0,1
1960,blackorpheus,1,0,1
1960,aholeinthehead,1,0,1
1963,daysofwineandroses,1,4,5
1963,sweetbirdofyouth,1,2,3
1963,sundaysandcybele,1,0,1
1963,meredithwillsonsthemusicman,1,5,6
1963,heureuxanniversairehappyanniversary,1,0,1
1963,dylanthomas,1,0,1
1963,divorceitalianstyle,1,2,3
1963,blackfox,1,0,1
1962,seawardsthegreatships,1,0,1
1962,twowomen,1,0,1
1962,throughaglassdarkly,1,0,1
1962,thegunsofnavarone,1,6,7
1962,splendorinthegrass,1,1,2
1962,projecthope,1,0,1
1962,lecieletlaboueskyaboveandmudbeneath,1,0,1
1962,ladolcevita,1,3,4
1962,ersatzthesubstitute,1,0,1
1962,aforceinreadiness,1,0,1
1957,giant,1,9,10
1957,writtenonthewind,1,2,3
1957,thetruestoryofthecivilwar,1,0,1
1957,thetencommandments,1,6,7
1957,thesolidgoldcadillac,1,1,2
1957,thesilentworld,1,0,1
1957,theredballoon,1,0,1
1957,themanwhoknewtoomuch,1,0,1
1957,thebraveone,1,2,3
1957,thebespokeovercoat,1,0,1
1957,mistermagoospuddlejumper,1,0,1
1957,lustforlife,1,3,4
1957,lastrada,1,1,2
1957,crashingthewaterbarrier,1,0,1
1957,anastasia,1,1,2
1956,tocatchathief,1,2,3
1956,thefaceoflincoln,1,1,2
1959,whitewilderness,1,1,2
1959,tomthumb,1,0,1
1959,theoldmanandthesea,1,2,3
1959,thebigcountry,1,1,2
1959,southpacific,1,2,3
1959,myuncle,1,0,1
1959,knightyknightbugs,1,0,1
1959,iwanttolive,1,5,6
1959,grandcanyon,1,0,1
1959,amagirls,1,0,1
1958,thethreefacesofeve,1,0,1
1958,thewetbackhound,1,0,1
1958,thenightsofcabiria,1,0,1
1958,thejokeriswild,1,0,1
1958,theenemybelow,1,0,1
1958,lesgirls,1,2,3
1958,designingwoman,1,0,1
1958,birdsanonymous,1,0,1
1958,albertschweitzer,1,0,1
1963,thehole,1,0,1
1963,thewonderfulworldofthebrothersgrimm,1,3,4
1963,whateverhappenedtobabyjane,1,4,5
1968,theandersonplatoon,1,0,1
1968,coolhandluke,1,3,4
1968,closelywatchedtrains,1,0,1
1968,aplacetostand,1,1,2
1968,thebox,1,0,1
1968,thedirtydozen,1,3,4
1968,thegraduate,1,6,7
1968,theredwoods,1,0,1
1968,thoroughlymodernmillie,1,6,7
1967,thewargame,1,0,1
1967,thefortunecookie,1,3,4
1967,herbalpertandthetijuanabrassdoublefeature,1,0,1
1967,ayeartowardtomorrow,1,0,1
1967,afunnythinghappenedonthewaytotheforum,1,0,1
1967,wildwings,1,0,1
1970,cactusflower,1,0,1
1970,arthurrubinsteintheloveoflife,1,0,1
1970,anneofthethousanddays,1,9,10
1970,czechoslovakia1968,1,0,1
1970,itstoughtobeabird,1,0,1
1970,marooned,1,2,3
1970,themagicmachines,1,1,2
1970,truegrit,1,1,2
1970,theyshoothorsesdontthey,1,8,9
1970,theprimeofmissjeanbrodie,1,1,2
1969,bullitt,1,1,2
1969,2001aspaceodyssey,1,3,4
1969,journeyintoself,1,0,1
1969,charly,1,0,1
1969,robertkennedyremembered,1,0,1
1969,rosemarysbaby,1,1,2
1969,winniethepoohandtheblusteryday,1,0,1
1969,whymancreates,1,0,1
1969,warandpeace,1,1,2
1969,thethomascrownaffair,1,1,2
1969,thesubjectwasroses,1,0,1
1969,theproducers,1,1,2
1964,thevips,1,0,1
1964,thecritic,1,0,1
1964,robertfrostaloversquarrelwiththeworld,1,0,1
1964,papasdelicatecondition,1,0,1
1964,liliesofthefield,1,4,5
1964,itsamadmadmadmadworld,1,5,6
1964,irmaladouce,1,2,3
1964,chagall,1,0,1
1964,anoccurrenceatowlcreekbridge,1,0,1
1964,americaamerica,1,3,4
1966,theeleanorrooseveltstory,1,0,1
1966,thedotandtheline,1,0,1
1966,thechickenlepoulet,1,0,1
1966,catballou,1,4,5
1966,athousandclowns,1,3,4
1966,apatchofblue,1,4,5
1966,thegreatrace,1,4,5
1966,thesandpiper,1,0,1
1966,theshoponmainstreet,1,0,1
1966,thunderball,1,0,1
1966,tobealive,1,0,1
1965,casalsconducts1964,1,0,1
1965,thepinkphink,1,0,1
1965,thenightoftheiguana,1,3,4
1965,ninefromlittlerock,1,0,1
1965,jacquesyvescousteausworldwithoutsun,1,0,1
1965,goldfinger,1,0,1
1965,fathergoose,1,2,3
1965,becket,1,11,12
1965,yesterdaytodayandtomorrow,1,0,1
1965,7facesofdrlao,1,1,2
1965,topkapi,1,0,1
2023,womentalking,1,1,2
1986,thecolorpurple,0,11,11
1978,theturningpoint,0,11,11
2003,gangsofnewyork,0,10,10
2014,americanhustle,0,10,10
2020,theirishman,0,10,10
2011,truegrit,0,10,10
1942,thelittlefoxes,0,9,9
2023,thebansheesofinisherin,0,9,9
1958,peytonplace,0,9,9
1967,thesandpebbles,0,8,8
2023,elvis,0,8,8
1952,quovadis,0,8,8
1994,theremainsoftheday,0,8,8
1981,theelephantman,0,8,8
1982,ragtime,0,8,8
1960,thenunsstory,0,8,8
1944,madamecurie,0,7,7
2004,seabiscuit,0,7,7
1965,hushhushsweetcharlotte,0,7,7
1961,pepe,0,7,7
1969,star,0,7,7
1941,theletter,0,7,7
1943,thetalkofthetown,0,7,7
1943,randomharvest,0,7,7
1960,anatomyofamurder,0,7,7
2019,astarisborn,0,7,7
2016,themartian,0,7,7
1999,thethinredline,0,7,7
1945,doubleindemnity,0,7,7
1967,hawaii,0,7,7
2023,thefabelmans,0,7,7
1950,cometothestable,0,7,7
1988,broadcastnews,0,7,7
1995,theshawshankredemption,0,7,7
1992,theprinceoftides,0,7,7
1955,thecainemutiny,0,7,7
1991,thegodfatherpartiii,0,7,7
2000,theinsider,0,7,7
1969,funnygirl,0,7,7
1994,inthenameofthefather,0,7,7
1963,mutinyonthebounty,0,7,7
1988,fatalattraction,0,6,6
1941,ourtown,0,6,6
1964,thecardinal,0,6,6
1941,foreigncorrespondent,0,6,6
1937,mymangodfrey,0,6,6
1940,loveaffair,0,6,6
1983,dasboot,0,6,6
1958,witnessfortheprosecution,0,6,6
1955,astarisborn,0,6,6
2012,warhorse,0,6,6
2012,moneyball,0,6,6
2011,127hours,0,6,6
2010,upintheair,0,6,6
1953,hanschristianandersen,0,6,6
1975,lenny,0,6,6
2014,captainphillips,0,6,6
2014,nebraska,0,6,6
1941,thelongvoyagehome,0,6,6
1942,holdbackthedawn,0,6,6
2017,lion,0,6,6
1959,catonahottinroof,0,6,6
1959,auntiemame,0,6,6
2016,carol,0,6,6
1944,thenorthstar,0,6,6
1957,friendlypersuasion,0,6,6
2006,goodnightandgoodluck,0,6,6
1946,asongtoremember,0,6,6
1988,empireofthesun,0,6,6
2023,tr,0,6,6
1965,theunsinkablemollybrown,0,6,6
1931,theloveparade,0,6,6
2000,thesixthsense,0,6,6
2006,munich,0,5,5
1974,americangraffiti,0,5,5
1940,theprivatelivesofelizabethandessex,0,5,5
1985,2010,0,5,5
1972,maryqueenofscots,0,5,5
2016,starwarstheforceawakens,0,5,5
1983,theverdict,0,5,5
1939,fourdaughters,0,5,5
1976,funnylady,0,5,5
1962,flowerdrumsong,0,5,5
1962,thechildrenshour,0,5,5
1992,hook,0,5,5
2002,inthebedroom,0,5,5
1939,merrilywelive,0,5,5
2004,piratesofthecaribbeanthecurseoftheblackpearl,0,5,5
1982,thefrenchlieutenantswoman,0,5,5
1959,somecamerunning,0,5,5
2007,blooddiamond,0,5,5
1947,itsawonderfullife,0,5,5
1949,iremembermama,0,5,5
1962,fanny,0,5,5
1989,gorillasinthemist,0,5,5
2002,amlie,0,5,5
1997,secretslies,0,5,5
1984,thedresser,0,5,5
1952,davidandbathsheba,0,5,5
2018,ladybird,0,5,5
1973,ladysingstheblues,0,5,5
2000,thetalentedmrripley,0,5,5
1988,hopeandglory,0,5,5
2015,foxcatcher,0,5,5
1984,silkwood,0,5,5
1964,lovewiththeproperstranger,0,5,5
2021,thetrialofthechicago7,0,5,5
2001,chocolat,0,5,5
1948,crossfire,0,5,5
1952,deathofasalesman,0,5,5
1966,thegreateststoryevertold,0,5,5
1966,theagonyandtheecstasy,0,5,5
1979,interiors,0,5,5
2014,thewolfofwallstreet,0,5,5
1967,alfie,0,5,5
2009,doubt,0,5,5
1941,thegreatdictator,0,5,5
1982,atlanticcity,0,5,5
2009,frostnixon,0,5,5
1961,thesundowners,0,5,5
1936,captainblood,0,5,5
1966,othello,0,4,4
2022,nightmarealley,0,4,4
1934,ladyforaday,0,4,4
1970,bobcaroltedalice,0,4,4
2018,starwarsthelastjedi,0,4,4
1955,rearwindow,0,4,4
1947,henryv,0,4,4
1947,thekillers,0,4,4
1997,hamlet,0,4,4
1960,thefivepennies,0,4,4
2013,beastsofthesouthernwild,0,4,4
1942,balloffire,0,4,4
1977,sevenbeauties,0,4,4
1955,executivesuite,0,4,4
1977,taxidriver,0,4,4
2007,notesonascandal,0,4,4
1991,avalon,0,4,4
1991,thegrifters,0,4,4
1979,thewiz,0,4,4
1944,soproudlywehail,0,4,4
1933,arrowsmith,0,4,4
1958,anaffairtoremember,0,4,4
1958,funnyface,0,4,4
1958,paljoey,0,4,4
1972,kotch,0,4,4
1958,raintreecounty,0,4,4
1932,morocco,0,4,4
2015,mrturner,0,4,4
1957,theeddyduchinstory,0,4,4
1957,thebadseed,0,4,4
1996,nixon,0,4,4
1945,kismet,0,4,4
1972,aclockworkorange,0,4,4
1979,sametimenextyear,0,4,4
1945,meetmeinstlouis,0,4,4
1957,babydoll,0,4,4
1956,guysanddolls,0,4,4
2004,thelastsamurai,0,4,4
1998,thewingsofthedove,0,4,4
1943,junglebook,0,4,4
1980,thechinasyndrome,0,4,4
1946,thekeysofthekingdom,0,4,4
1987,startrekivthevoyagehome,0,4,4
1980,therose,0,4,4
1943,arabiannights,0,4,4
1956,blackboardjungle,0,4,4
2013,zerodarkthirty,0,4,4
2004,cityofgod,0,4,4
2017,hellorhighwater,0,4,4
1990,theadventuresofbaronmunchausen,0,4,4
1971,fiveeasypieces,0,4,4
1971,scrooge,0,4,4
1985,thenatural,0,4,4
1967,therussiansarecomingtherussiansarecoming,0,4,4
2014,philomena,0,4,4
1943,wakeisland,0,4,4
2006,prideprejudice,0,4,4
1972,sundaybloodysunday,0,4,4
1946,gijoe,0,4,4
1990,thefabulousbakerboys,0,4,4
1943,themagnificentambersons,0,4,4
1946,loveletters,0,4,4
1961,inheritthewind,0,4,4
1989,diehard,0,4,4
1950,sandsofiwojima,0,4,4
1967,georgygirl,0,4,4
2011,thekidsareallright,0,4,4
1935,theaffairsofcellini,0,4,4
1973,theemigrants,0,4,4
2011,wintersbone,0,4,4
1963,birdmanofalcatraz,0,4,4
1939,algiers,0,4,4
1940,ofmiceandmen,0,4,4
1940,ninotchka,0,4,4
1965,drstrangeloveorhowilearnedtostopworryingandlovethebomb,0,4,4
1939,marieantoinette,0,4,4
1998,amistad,0,4,4
1939,thecitadel,0,4,4
1939,madaboutmusic,0,4,4
1938,deadend,0,4,4
1966,theumbrellasofcherbourg,0,4,4
1984,crosscreek,0,4,4
1962,summerandsmoke,0,4,4
1935,thethinman,0,4,4
2010,district9,0,4,4
1951,theasphaltjungle,0,4,4
1939,ifiwereking,0,4,4
2022,dontlookup,0,4,4
1952,detectivestory,0,4,4
1961,sunriseatcampobello,0,4,4
1995,quizshow,0,4,4
2021,newsoftheworld,0,4,4
1993,afewgoodmen,0,4,4
1941,springparade,0,4,4
2000,thegreenmile,0,4,4
1941,theseahawk,0,4,4
1948,lifewithfather,0,4,4
2003,farfromheaven,0,4,4
1961,psycho,0,4,4
1968,incoldblood,0,4,4
1953,mycousinrachel,0,4,4
2010,nine,0,4,4
1998,kundun,0,4,4
1973,sleuth,0,4,4
1976,themanwhowouldbeking,0,4,4
1936,lesmiserables,0,4,4
1973,sounder,0,4,4
2008,thedivingbellandthebutterfly,0,4,4
1937,romeoandjuliet,0,4,4
1938,stagedoor,0,4,4
1953,suddenfear,0,4,4
1999,armageddon,0,4,4
1951,brokenarrow,0,3,3
2014,thehobbitthedesolationofsmaug,0,3,3
1951,cinderella,0,3,3
1975,theconversation,0,3,3
1951,caged,0,3,3
2023,babylon,0,3,3
1953,ivanhoe,0,3,3
1996,batmanforever,0,3,3
1951,fatherofthebride,0,3,3
1932,thefrontpage,0,3,3
1974,thelastdetail,0,3,3
1974,tomsawyer,0,3,3
1945,lifeboat,0,3,3
1945,ladyinthedark,0,3,3
1979,anunmarriedwoman,0,3,3
2009,revolutionaryroad,0,3,3
2015,intothewoods,0,3,3
1945,hollywoodcanteen,0,3,3
1967,gambit,0,3,3
1975,blazingsaddles,0,3,3
1996,crimsontide,0,3,3
2023,triangleofsadness,0,3,3
1978,thespywholovedme,0,3,3
2006,cinderellaman,0,3,3
1999,thetrumanshow,0,3,3
1994,inthelineoffire,0,3,3
2009,changeling,0,3,3
1994,cliffhanger,0,3,3
1975,dayfornight,0,3,3
2010,aneducation,0,3,3
1945,theadventuresofmarktwain,0,3,3
2010,theprincessandthefrog,0,3,3
1930,alibi,0,3,3
1993,enchantedapril,0,3,3
2012,albertnobbs,0,3,3
1954,thebandwagon,0,3,3
1999,pleasantville,0,3,3
2007,childrenofmen,0,3,3
1955,theresnobusinesslikeshowbusiness,0,3,3
1947,briefencounter,0,3,3
2007,apocalypto,0,3,3
1977,voyageofthedamned,0,3,3
1986,runawaytrain,0,3,3
2023,thebatman,0,3,3
1993,chaplin,0,3,3
1954,themoonisblue,0,3,3
1987,crimesoftheheart,0,3,3
1973,deliverance,0,3,3
2012,thetreeoflife,0,3,3
2012,tinkertailorsoldierspy,0,3,3
2012,transformersdarkofthemoon,0,3,3
1995,red,0,3,3
1977,cousincousine,0,3,3
1955,brigadoon,0,3,3
2007,littlechildren,0,3,3
1966,thecollector,0,3,3
1931,annachristie,0,3,3
2012,harrypotterandthedeathlyhallowspart2,0,3,3
1995,littlewomen,0,3,3
1986,achorusline,0,3,3
1950,jolsonsingsagain,0,3,3
1967,thegospelaccordingtostmatthew,0,3,3
1966,insidedaisyclover,0,3,3
1992,bartonfink,0,3,3
1946,objectiveburma,0,3,3
1993,theplayer,0,3,3
1950,pinky,0,3,3
1992,backdraft,0,3,3
1956,rebelwithoutacause,0,3,3
1956,themanwiththegoldenarm,0,3,3
2008,transformers,0,3,3
1974,cinderellaliberty,0,3,3
1986,agnesofgod,0,3,3
1978,equus,0,3,3
2013,thehobbitanunexpectedjourney,0,3,3
2013,themaster,0,3,3
2008,enchanted,0,3,3
2006,waroftheworlds,0,3,3
1973,youngwinston,0,3,3
1956,baddayatblackrock,0,3,3
1956,daddylonglegs,0,3,3
1946,thesoutherner,0,3,3
1981,privatebenjamin,0,3,3
1963,gypsy,0,3,3
1960,thebigfisherman,0,3,3
1960,suddenlylastsummer,0,3,3
1939,armygirl,0,3,3
2001,thepatriot,0,3,3
1942,sundown,0,3,3
1960,northbynorthwest,0,3,3
1942,sunvalleyserenade,0,3,3
1963,thattouchofmink,0,3,3
2022,licoricepizza,0,3,3
2018,babydriver,0,3,3
1970,sweetcharity,0,3,3
1942,drjekyllandmrhyde,0,3,3
1960,theyoungphiladelphians,0,3,3
2022,flee,0,3,3
1981,thestuntman,0,3,3
1939,angelswithdirtyfaces,0,3,3
1942,thechocolatesoldier,0,3,3
1960,journeytothecenteroftheearth,0,3,3
2017,jackie,0,3,3
2004,inamerica,0,3,3
2004,houseofsandandfog,0,3,3
1943,bambi,0,3,3
2004,girlwithapearlearring,0,3,3
1959,theyounglions,0,3,3
2001,quills,0,3,3
2000,beingjohnmalkovich,0,3,3
2017,hiddenfigures,0,3,3
1990,fieldofdreams,0,3,3
1990,enemiesalovestory,0,3,3
1962,pocketfulofmiracles,0,3,3
1934,iamafugitivefromachaingang,0,3,3
1990,crimesandmisdemeanors,0,3,3
1942,themaltesefalcon,0,3,3
1938,soulsatsea,0,3,3
1960,career,0,3,3
2018,mudbound,0,3,3
1982,penniesfromheaven,0,3,3
1935,imitationoflife,0,3,3
1939,theyounginheart,0,3,3
1985,asoldiersstory,0,3,3
1983,poltergeist,0,3,3
2022,beingthericardos,0,3,3
1982,onlywhenilaugh,0,3,3
1941,allthisandheaventoo,0,3,3
2019,canyoueverforgiveme,0,3,3
1969,rachelrachel,0,3,3
2019,coldwar,0,3,3
1962,elcid,0,3,3
1940,manofconquest,0,3,3
2000,starwarsepisodeithephantommenace,0,3,3
1962,theabsentmindedprofessor,0,3,3
1940,darkvictory,0,3,3
2002,harrypotterandthesorcerersstone,0,3,3
1939,testpilot,0,3,3
1969,faces,0,3,3
1939,carefree,0,3,3
1970,gailygaily,0,3,3
1989,tuckerthemanandhisdream,0,3,3
1982,absenceofmalice,0,3,3
1941,downargentineway,0,3,3
1985,greystokethelegendoftarzanlordoftheapes,0,3,3
2000,magnolia,0,3,3
1941,myfavoritewife,0,3,3
1939,suez,0,3,3
2019,marypoppinsreturns,0,3,3
1943,flyingtigers,0,3,3
1958,12angrymen,0,3,3
1987,peggysuegotmarried,0,3,3
2016,brooklyn,0,3,3
1933,drjekyllandmrhyde,0,3,3
2001,billyelliot,0,3,3
2005,hotelrwanda,0,3,3
1944,heavencanwait,0,3,3
1980,1941,0,3,3
1944,fivegravestocairo,0,3,3
1980,lacageauxfolles,0,3,3
1937,thegeneraldiedatdawn,0,3,3
1964,captainnewmanmd,0,3,3
2016,sicario,0,3,3
1936,davidcopperfield,0,3,3
1958,wildisthewind,0,3,3
1937,threesmartgirls,0,3,3
1943,youwereneverlovelier,0,3,3
1944,sahara,0,3,3
1944,saludosamigos,0,3,3
1988,cryfreedom,0,3,3
1945,casanovabrown,0,3,3
1945,brazil,0,3,3
2005,veradrake,0,3,3
1936,tophat,0,3,3
1984,wargames,0,3,3
2005,thepolarexpress,0,3,3
1957,warandpeace,0,3,3
2005,thephantomoftheopera,0,3,3
2015,unbroken,0,3,3
2005,thepassionofthechrist,0,3,3
1979,theboysfrombrazil,0,3,3
1984,thebigchill,0,3,3
1944,thousandscheer,0,3,3
1967,theprofessionals,0,3,3
1991,awakenings,0,3,3
1980,startrekthemotionpicture,0,3,3
1943,thepiedpiper,0,3,3
1943,kingsrow,0,3,3
1959,acertainsmile,0,3,3
1971,darlinglili,0,3,3
2020,thetwopopes,0,3,3
2022,thetragedyofmacbeth,0,3,3
1971,ineversangformyfather,0,3,3
1984,educatingrita,0,3,3
2022,thelostdaughter,0,3,3
1943,takealetterdarling,0,3,3
1998,boogienights,0,3,3
2020,starwarstheriseofskywalker,0,3,3
2002,aiartificialintelligence,0,2,2
1952,showboat,0,2,2
1998,mrsbrown,0,2,2
1999,outofsight,0,2,2
2008,awayfromher,0,2,2
1969,icestationzebra,0,2,2
2002,ali,0,2,2
1953,carrie,0,2,2
1952,theblueveil,0,2,2
1953,deviltakeus,0,2,2
1967,misterbuddwing,0,2,2
1994,sleeplessinseattle,0,2,2
1999,asimpleplan,0,2,2
1965,aharddaysnight,0,2,2
1964,thissportinglife,0,2,2
1963,twofortheseesaw,0,2,2
1998,anastasia,0,2,2
2001,obrotherwhereartthou,0,2,2
1969,planetoftheapes,0,2,2
2000,sweetandlowdown,0,2,2
2008,intothewild,0,2,2
1995,clearandpresentdanger,0,2,2
1967,blowup,0,2,2
1952,talesofhoffmann,0,2,2
1953,fivefingers,0,2,2
1966,thespywhocameinfromthecold,0,2,2
1999,hilaryandjackie,0,2,2
1962,theparenttrap,0,2,2
1952,thefrogmen,0,2,2
2001,youcancountonme,0,2,2
2000,theendoftheaffair,0,2,2
1953,themerrywidow,0,2,2
1963,bonvoyage,0,2,2
2008,theassassinationofjessejamesbythecowardrobertford,0,2,2
1964,55daysatpeking,0,2,2
1963,davidandlisa,0,2,2
1964,byebyebirdie,0,2,2
2001,thecontender,0,2,2
1953,thebigsky,0,2,2
1994,whatslovegottodowithit,0,2,2
1998,conair,0,2,2
1967,isparisburning,0,2,2
2001,theperfectstorm,0,2,2
1964,anewkindoflove,0,2,2
1963,freud,0,2,2
1953,singinintherain,0,2,2
2009,ironman,0,2,2
2008,thesavages,0,2,2
1967,julietofthespirits,0,2,2
1953,navajo,0,2,2
1974,jonathanlivingstonseagull,0,2,2
1999,acivilaction,0,2,2
1963,themanchuriancandidate,0,2,2
1974,serpico,0,2,2
2001,shadowofthevampire,0,2,2
1964,sundaysandcybele,0,2,2
1974,lasttangoinparis,0,2,2
1974,summerwisheswinterdreams,0,2,2
1968,thetamingoftheshrew,0,2,2
2008,piratesofthecaribbeanatworldsend,0,2,2
2001,castaway,0,2,2
1952,thewell,0,2,2
1999,centralstation,0,2,2
1969,finiansrainbow,0,2,2
1994,thefirm,0,2,2
1953,thesnowsofkilimanjaro,0,2,2
1998,airforceone,0,2,2
2009,frozenriver,0,2,2
1974,thedayofthedolphin,0,2,2
1957,thedarkwave,0,2,2
1969,thebattleofalgiers,0,2,2
1952,ontheriviera,0,2,2
1959,teacherspet,0,2,2
1966,kingrat,0,2,2
1959,journeyintospring,0,2,2
1965,whatawaytogo,0,2,2
1959,houseboat,0,2,2
2004,thetripletsofbelleville,0,2,2
1959,bellbookandcandle,0,2,2
1956,queenbee,0,2,2
1999,themaskofzorro,0,2,2
1956,summertime,0,2,2
1996,12monkeys,0,2,2
1956,itsalwaysfairweather,0,2,2
1972,theandromedastrain,0,2,2
2000,annaandtheking,0,2,2
1966,morituri,0,2,2
1998,thesweethereafter,0,2,2
1959,vertigo,0,2,2
2006,transamerica,0,2,2
1956,thebattleofgettysburg,0,2,2
1972,tchaikovsky,0,2,2
1967,theoscar,0,2,2
2005,thechorusleschoristes,0,2,2
2006,ahistoryofviolence,0,2,2
1957,highsociety,0,2,2
1957,julie,0,2,2
1957,therainmaker,0,2,2
1996,richardiii,0,2,2
1957,theproudandprofane,0,2,2
1957,themagnificentseven,0,2,2
1957,teenagerebel,0,2,2
1957,theboldandthebrave,0,2,2
1996,sabrina,0,2,2
2005,shrek2,0,2,2
1996,alittleprincess,0,2,2
1972,sometimesagreatnotion,0,2,2
2006,northcountry,0,2,2
2006,mrshendersonpresents,0,2,2
2005,averylongengagement,0,2,2
2005,closer,0,2,2
2005,collateral,0,2,2
1998,wagthedog,0,2,2
1958,heavenknowsmrallison,0,2,2
1958,gunfightattheokcorral,0,2,2
2005,harrypotterandtheprisonerofazkaban,0,2,2
1971,thegreatwhitehope,0,2,2
2004,21grams,0,2,2
1955,thesilverchalice,0,2,2
1960,imitationoflife,0,2,2
1969,theshoesofthefisherman,0,2,2
1997,themirrorhastwofaces,0,2,2
1954,thepresidentslady,0,2,2
1973,petentillie,0,2,2
1997,thecrucible,0,2,2
2007,united93,0,2,2
1995,nobodysfool,0,2,2
2007,theprestige,0,2,2
1954,youngbess,0,2,2
2003,aboutschmidt,0,2,2
2003,catchmeifyoucan,0,2,2
1962,babesintoyland,0,2,2
1997,thepeoplevslarryflynt,0,2,2
2000,musicoftheheart,0,2,2
1954,knightsoftheroundtable,0,2,2
2002,memento,0,2,2
2008,americangangster,0,2,2
1966,theslenderthread,0,2,2
1954,martinluther,0,2,2
1997,twister,0,2,2
1995,fourweddingsandafuneral,0,2,2
1954,mogambo,0,2,2
2008,310toyuma,0,2,2
1973,theheartbreakkid,0,2,2
1967,morgan,0,2,2
1969,theheartisalonelyhunter,0,2,2
1997,theportraitofalady,0,2,2
1969,theoddcouple,0,2,2
1995,interviewwiththevampire,0,2,2
1999,primarycolors,0,2,2
2007,thedevilwearsprada,0,2,2
1965,robinandthe7hoods,0,2,2
1965,sevendaysinmay,0,2,2
1960,thelastangryman,0,2,2
1970,thehappyending,0,2,2
1960,thebestofeverything,0,2,2
1970,thereivers,0,2,2
1995,tomviv,0,2,2
1965,theamericanizationofemily,0,2,2
1970,thesecretofsantavittoria,0,2,2
1960,onthebeach,0,2,2
1955,susanslepthere,0,2,2
2007,cars,0,2,2
1970,thesterilecuckoo,0,2,2
1970,thewildbunch,0,2,2
1997,ghostsofmississippi,0,2,2
2007,flagsofourfathers,0,2,2
1955,jetcarrier,0,2,2
2003,spiderman,0,2,2
1997,michaelcollins,0,2,2
1970,easyrider,0,2,2
1961,cimarron,0,2,2
1961,cancan,0,2,2
1970,goodbyemrchips,0,2,2
1966,theflightofthephoenix,0,2,2
1955,carmenjones,0,2,2
1955,desiree,0,2,2
1955,genevieve,0,2,2
1964,twilightofhonor,0,2,2
2012,bridesmaids,0,2,2
1952,laronde,0,2,2
1981,thegreatsantini,0,2,2
1990,camilleclaudel,0,2,2
1990,blackrain,0,2,2
1981,kagemushatheshadowwarrior,0,2,2
1942,louisianapurchase,0,2,2
1942,ladiesinretirement,0,2,2
1981,resurrection,0,2,2
2018,beautyandthebeast,0,2,2
1981,thecompetition,0,2,2
1942,buckprivates,0,2,2
1942,thedevilandmissjones,0,2,2
2017,rogueoneastarwarsstory,0,2,2
1981,alteredstates,0,2,2
1943,captainsoftheclouds,0,2,2
2017,deepwaterhorizon,0,2,2
2017,florencefosterjenkins,0,2,2
2017,passengers,0,2,2
1942,youllnevergetrich,0,2,2
2017,kuboandthetwostrings,0,2,2
1942,topperreturns,0,2,2
1990,dotherightthing,0,2,2
1942,alomaofthesouthseas,0,2,2
1980,themuppetmovie,0,2,2
1942,allamericancoed,0,2,2
1941,secondchorus,0,2,2
2018,victoriaabdul,0,2,2
1941,onemillionbc,0,2,2
1982,dragonslayer,0,2,2
1941,hitparadeof1941,0,2,2
1989,runningonempty,0,2,2
1941,boomtown,0,2,2
1941,bittersweet,0,2,2
1941,arizona,0,2,2
1941,abelincolninillinois,0,2,2
1941,thebluebird,0,2,2
1941,theboysfromsyracuse,0,2,2
1941,thedarkcommand,0,2,2
1989,willow,0,2,2
2018,thepost,0,2,2
1941,waterloobridge,0,2,2
1989,theunbearablelightnessofbeing,0,2,2
1941,thehowardsofvirginia,0,2,2
1943,flyingwithmusic,0,2,2
2017,amancalledove,0,2,2
1946,athousandandonenights,0,2,2
1945,mrskeffington,0,2,2
1945,minstrelman,0,2,2
1945,ladyletsdance,0,2,2
2015,guardiansofthegalaxy,0,2,2
1979,autumnsonata,0,2,2
1945,ithappenedtomorrow,0,2,2
2015,inherentvice,0,2,2
1945,higherandhigher,0,2,2
1945,dragonseed,0,2,2
1991,homealone,0,2,2
1945,addressunknown,0,2,2
1991,hamlet,0,2,2
1945,mrsparkington,0,2,2
1991,postcardsfromtheedge,0,2,2
1945,upinarms,0,2,2
1978,thatobscureobjectofdesire,0,2,2
2014,thegrandmaster,0,2,2
2014,theloneranger,0,2,2
1945,voiceinthewind,0,2,2
1945,songoftheopenroad,0,2,2
1978,theslipperandtherosethestoryofcinderella,0,2,2
1945,theprincessandthepirate,0,2,2
2015,wild,0,2,2
1944,theskysthelimit,0,2,2
1943,thegoldrush,0,2,2
1943,silverqueen,0,2,2
1943,roadtomorocco,0,2,2
1943,oneofouraircraftismissing,0,2,2
1980,startingover,0,2,2
1980,theblackhole,0,2,2
1990,shirleyvalentine,0,2,2
1990,parenthood,0,2,2
1943,theshanghaigesture,0,2,2
1980,manhattan,0,2,2
1944,inwhichweserve,0,2,2
1944,starspangledrhythm,0,2,2
1944,stagedoorcanteen,0,2,2
1944,somethingtoshoutabout,0,2,2
1944,inoldoklahoma,0,2,2
2016,stevejobs,0,2,2
1944,hitparadeof1943,0,2,2
1980,10,0,2,2
1944,hangmenalsodie,0,2,2
1980,andjusticeforall,0,2,2
1989,littledorrit,0,2,2
1940,thehunchbackofnotredame,0,2,2
2022,theworstpersonintheworld,0,2,2
1985,broadwaydannyrose,0,2,2
1935,flirtationwalk,0,2,2
1985,footloose,0,2,2
1985,ghostbusters,0,2,2
1934,statefair,0,2,2
2022,parallelmothers,0,2,2
1934,42ndstreet,0,2,2
1985,thebostonians,0,2,2
1987,salvador,0,2,2
1985,thecottonclub,0,2,2
1935,thebarrettsofwimpolestreet,0,2,2
1936,broadwaymelodyof1936,0,2,2
2021,pinocchio,0,2,2
1984,zelig,0,2,2
1988,aurevoirlesenfantsgoodbyechildren,0,2,2
1935,thewhiteparade,0,2,2
1936,aliceadams,0,2,2
2022,ticktickboom,0,2,2
1940,thegreatvictorherbert,0,2,2
1931,bulldogdrummond,0,2,2
1930,thevaliant,0,2,2
1986,silverado,0,2,2
1930,streetangel,0,2,2
1930,ourdancingdaughters,0,2,2
1930,madamex,0,2,2
1929,thecrowd,0,2,2
2023,living,0,2,2
1986,murphysromance,0,2,2
1932,holiday,0,2,2
1985,underthevolcano,0,2,2
1932,svengali,0,2,2
1987,littleshopofhorrors,0,2,2
1931,romance,0,2,2
1987,hoosiers,0,2,2
1986,brazil,0,2,2
1986,ladyhawke,0,2,2
2021,onenightinmiami,0,2,2
2021,mulan,0,2,2
1937,ataleoftwocities,0,2,2
1937,borntodance,0,2,2
1983,bladerunner,0,2,2
1939,thegoldwynfollies,0,2,2
1939,thatcertainage,0,2,2
1939,sweethearts,0,2,2
1983,frances,0,2,2
1983,latraviata,0,2,2
1939,blockade,0,2,2
2019,theballadofbusterscruggs,0,2,2
1989,big,0,2,2
1939,vivaciouslady,0,2,2
1989,comingtoamerica,0,2,2
1940,gulliverstravels,0,2,2
1940,firstlove,0,2,2
2019,isleofdogs,0,2,2
1940,beaugeste,0,2,2
2019,maryqueenofscots,0,2,2
1940,babesinarms,0,2,2
2019,neverlookaway,0,2,2
1983,annie,0,2,2
2020,honeyland,0,2,2
1938,walterwangersvoguesof1938,0,2,2
1937,winterset,0,2,2
1937,theodoragoeswild,0,2,2
1937,thegorgeoushussy,0,2,2
1988,ironweed,0,2,2
2021,boratsubsequentmoviefilmdeliveryofprodigiousbribetoamericanregimeformakebenefitoncegloriousnationofkazakhstan,0,2,2
2021,collective,0,2,2
1984,reubenreuben,0,2,2
1937,lloydsoflondon,0,2,2
2021,emma,0,2,2
2021,hillbillyelegy,0,2,2
1988,mylifeasadog,0,2,2
1983,theworldaccordingtogarp,0,2,2
1938,topper,0,2,2
1938,theprisonerofzenda,0,2,2
1988,thewitchesofeastwick,0,2,2
1938,stelladallas,0,2,2
1983,tron,0,2,2
1938,nightmustfall,0,2,2
1988,radiodays,0,2,2
1938,maytime,0,2,2
2020,painandglory,0,2,2
1988,thedead,0,2,2
1938,conquest,0,2,2
1946,amedalforbenny,0,2,2
1951,themagnificentyankee,0,2,2
2010,fantasticmrfox,0,2,2
2010,thewhiteribbon,0,2,2
1951,theflameandthearrow,0,2,2
1992,friedgreentomatoes,0,2,2
1948,kissofdeath,0,2,2
1949,theemperorwaltz,0,2,2
2013,flight,0,2,2
1947,notorious,0,2,2
1947,thegreenyears,0,2,2
1993,thebodyguard,0,2,2
1993,undersiege,0,2,2
1946,theywereexpendable,0,2,2
1978,airport77,0,2,2
1946,tonightandeverynight,0,2,2
1994,farewellmyconcubine,0,2,2
1977,carrie,0,2,2
1946,whygirlsleavehome,0,2,2
2013,snowwhiteandthehuntsman,0,2,2
1976,thewindandthelion,0,2,2
2012,extremelyloudincrediblyclose,0,2,2
1948,smashupthestoryofawoman,0,2,2
2012,myweekwithmarilyn,0,2,2
2011,biutiful,0,2,2
1948,mourningbecomeselectra,0,2,2
1992,startrekvitheundiscoveredcountry,0,2,2
1947,duelinthesun,0,2,2
1975,thelittleprince,0,2,2
2010,thelaststation,0,2,2
1947,blueskies,0,2,2
1992,ramblingrose,0,2,2
1977,thesevenpercentsolution,0,2,2
1947,centennialsummer,0,2,2
1950,myfoolishheart,0,2,2
2010,sherlockholmes,0,2,2
2011,howtotrainyourdragon,0,2,2
2010,invictus,0,2,2
1950,princeoffoxes,0,2,2
1976,tommy,0,2,2
1976,bitethebullet,0,2,2
1993,toys,0,2,2
1993,batmanreturns,0,2,2
1976,amarcord,0,2,2
1977,theincrediblesarah,0,2,2
1993,basicinstinct,0,2,2
2011,harrypotterandthedeathlyhallowspart1,0,2,2
2010,themessenger,0,2,2
2010,aseriousman,0,2,2
1976,thedayofthelocust,0,2,2
1977,kingkong,0,2,2
2009,thewrestler,0,2,2
1978,lookingformrgoodbar,0,2,2
2014,despicableme2,0,2,2
1949,whenmybabysmilesatme,0,2,2
1946,rhapsodyinblue,0,2,2
1952,decisionbeforedawn,0,2,2
1976,scentofawoman,0,2,2
1952,brightvictory,0,2,2
1992,capefear,0,2,2
1946,sanantonio,0,2,2
2014,insidellewyndavis,0,2,2
1993,malcolmx,0,2,2
1975,youngfrankenstein,0,2,2
1946,belleoftheyukon,0,2,2
1946,canthelpsinging,0,2,2
1993,husbandsandwives,0,2,2
1993,lorenzosoil,0,2,2
1994,shadowlands,0,2,2
1978,petesdragon,0,2,2
1993,hoffa,0,2,2
2014,lonesurvivor,0,2,2
1949,romanceonthehighseas,0,2,2
1949,redriver,0,2,2
1946,flameofbarbarycoast,0,2,2
1950,thefallenidol,0,2,2
2009,wanted,0,2,2
2010,theimaginariumofdoctorparnassus,0,2,2
1946,thevalleyofdecision,0,2,2
1949,aforeignaffair,0,2,2
1946,thethreecaballeros,0,2,2
1993,passionfish,0,2,2
1975,awomanundertheinfluence,0,2,2
1977,logansrun,0,2,2
1992,boyznthehood,0,2,2
2014,augustosagecounty,0,2,2
1977,facetoface,0,2,2
1994,orlando,0,2,2
1946,thecornisgreen,0,2,2
1978,aspecialday,0,2,2
1988,lethalweapon,0,1,1
1988,radiobikini,0,1,1
1998,beyondsilence,0,1,1
1993,whenabortionwasillegaluntoldstories,0,1,1
1998,dancelexiedance,0,1,1
1988,hellfireajourneyfromhiroshima,0,1,1
1988,makingwaves,0,1,1
1988,intheweeweehours,0,1,1
1988,predator,0,1,1
1988,maurice,0,1,1
1988,pathfinder,0,1,1
1988,matewan,0,1,1
1988,happynewyear,0,1,1
1998,colorsstraightup,0,1,1
1988,mannequin,0,1,1
1988,languagesaysitall,0,1,1
1993,thesandman,0,1,1
1998,contact,0,1,1
1998,4littlegirls,0,1,1
1998,aynrandasenseoflife,0,1,1
1993,screenplay,0,1,1
1993,schtonk,0,1,1
1993,recirecireciwordswordswords,0,1,1
1993,musicforthemoviesbernardherrmann,0,1,1
1993,themambokings,0,1,1
1995,complaintsofadutifuldaughter,0,1,1
1995,ddayremembered,0,1,1
1989,acryinthedark,0,1,1
1995,eatdrinkmanwoman,0,1,1
1995,farinelliilcastrato,0,1,1
1993,mrsaturdaynight,0,1,1
1989,ahandfulofdust,0,1,1
1989,bagdadcafe,0,1,1
1993,lovefield,0,1,1
1989,beaches,0,1,1
1993,liberatorsfightingontwofrontsinworldwarii,0,1,1
1995,blueshighway,0,1,1
1993,swansong,0,1,1
1988,shoeshine,0,1,1
1988,silverintogold,0,1,1
1988,streetsmart,0,1,1
1988,thefamily,0,1,1
1993,thelover,0,1,1
1998,amazon,0,1,1
1998,alaskaspiritofthewild,0,1,1
1988,theprincessbride,0,1,1
1993,theladyinwaiting,0,1,1
1988,thewhalesofaugust,0,1,1
1993,thecoloursofmyfatheraportraitofsamborenstein,0,1,1
1995,89mmodeuropy89mmfromeurope,0,1,1
1998,afterglow,0,1,1
1988,throwmommafromthetrain,0,1,1
1995,agreatdayinharlem,0,1,1
1995,beforetherain,0,1,1
1988,yourface,0,1,1
1988,goodmorningvietnam,0,1,1
1996,allthingsfair,0,1,1
1998,daughterofthebride,0,1,1
1987,lovestruck,0,1,1
1987,mysweetlittlevillage,0,1,1
1987,mybeautifullaundrette,0,1,1
1994,downonthewaterfront,0,1,1
1987,monalisa,0,1,1
1987,luxojr,0,1,1
1994,themightyriver,0,1,1
1998,wolfgang,0,1,1
1987,legend,0,1,1
1994,fearless,0,1,1
1994,forbetterorforworse,0,1,1
1994,geronimoanamericanlegend,0,1,1
1987,otello,0,1,1
1994,dave,0,1,1
1994,chicksinwhitesatin,0,1,1
1994,beethovens2nd,0,1,1
1998,thethief,0,1,1
1987,standbyme,0,1,1
1987,sam,0,1,1
1994,blindscape,0,1,1
1994,bloodtiesthelifeandworkofsallymann,0,1,1
1998,uleesgold,0,1,1
1994,childrenoffate,0,1,1
1998,wacotherulesofengagement,0,1,1
1994,thenightmarebeforechristmas,0,1,1
1987,redgroomssunflowerinahothouse,0,1,1
1987,poltergeistiitheotherside,0,1,1
1987,pirates,0,1,1
1994,heddwyn,0,1,1
1987,heartbreakridge,0,1,1
1994,poeticjustice,0,1,1
1994,thebroadcasttapesofdrpeter,0,1,1
1994,searchingforbobbyfischer,0,1,1
1987,exit,0,1,1
1994,smalltalk,0,1,1
1994,shortcuts,0,1,1
1999,aplaceintheland,0,1,1
1999,americanhistoryx,0,1,1
1994,partners,0,1,1
1999,abugslife,0,1,1
1987,38,0,1,1
1987,anamericantail,0,1,1
1987,bettyblue,0,1,1
1987,bluevelvet,0,1,1
1994,thedutchmaster,0,1,1
1987,crocodiledundee,0,1,1
1987,debonairdancers,0,1,1
1994,addamsfamilyvalues,0,1,1
1987,thatslife,0,1,1
1987,theclanofthecavebear,0,1,1
1998,lavieilledameetlespigeonstheoldladyandthepigeons,0,1,1
1998,itsgoodtotalk,0,1,1
1998,jackiebrown,0,1,1
1988,darkeyes,0,1,1
1988,coursecompleted,0,1,1
1988,beverlyhillscopii,0,1,1
1988,astitchfortime,0,1,1
1988,anna,0,1,1
1994,whatseatinggilbertgrape,0,1,1
1998,inout,0,1,1
1988,eyesontheprizeamericascivilrightsyearsbridgetofreedom1965,0,1,1
1988,francessteloffmemoirsofabookseller,0,1,1
1998,hercules,0,1,1
1998,gattaca,0,1,1
1998,fourdaysinseptember,0,1,1
1998,famousfred,0,1,1
1998,faceoff,0,1,1
1998,donniebrasco,0,1,1
1988,fullmetaljacket,0,1,1
1998,deconstructingharry,0,1,1
1988,gabyatruestory,0,1,1
1988,georgeandrosemary,0,1,1
1998,themermaid,0,1,1
1987,themastersofdisaster,0,1,1
1998,sweethearts,0,1,1
1998,theapostle,0,1,1
1998,thefifthelement,0,1,1
1994,thescentofgreenpapaya,0,1,1
1987,themorningafter,0,1,1
1987,thekaratekidpartii,0,1,1
1987,thefrogthedogandthedevil,0,1,1
1998,thelostworldjurassicpark,0,1,1
1987,thedeclineoftheamericanempire,0,1,1
1998,stillkickingthefabulouspalmspringsfollies,0,1,1
1998,starshiptroopers,0,1,1
1994,thescrewlavis,0,1,1
1998,secretsoftheheart,0,1,1
1998,reduxridinghood,0,1,1
1994,thevillage,0,1,1
1998,oscarandlucinda,0,1,1
1998,mybestfriendswedding,0,1,1
1994,thewarroom,0,1,1
1994,theweddingbanquet,0,1,1
1993,cruisecontrol,0,1,1
1996,thestarmaker,0,1,1
1996,theshadowofhate,0,1,1
1996,troublesomecreekamidwestern,0,1,1
1990,yadvashempreservingthepasttoensurethefuture,0,1,1
1996,tuesdaymorningride,0,1,1
1992,lastbreezeofsummer,0,1,1
1990,whenharrymetsally,0,1,1
1992,doingtimelifeinsidethebighouse,0,1,1
1992,europaeuropa,0,1,1
1996,shanghaitriad,0,1,1
1991,1201pm,0,1,1
1996,theamericanpresident,0,1,1
1996,thebattleovercitizenkane,0,1,1
1992,fortheboys,0,1,1
1996,thelivingsea,0,1,1
1992,grandcanyon,0,1,1
1996,thebridgesofmadisoncounty,0,1,1
1996,thechickenfromouterspace,0,1,1
1996,theend,0,1,1
1996,unstrungheroes,0,1,1
1990,whathappenedtosantiago,0,1,1
1990,waltzingregitze,0,1,1
1995,triangle,0,1,1
1992,robinhoodprinceofthieves,0,1,1
1990,superchiefthelifeandlegacyofearlwarren,0,1,1
1990,valmont,0,1,1
1990,steelmagnolias,0,1,1
1992,strings,0,1,1
1990,sexliesandvideotape,0,1,1
1992,theaddamsfamily,0,1,1
1992,thecommitments,0,1,1
1992,theelementaryschool,0,1,1
1992,raisetheredlantern,0,1,1
1990,thebear,0,1,1
1995,truelies,0,1,1
1995,wyattearp,0,1,1
1992,memoriallettersfromamericansoldiers,0,1,1
1990,thechildeater,0,1,1
1990,thecow,0,1,1
1992,madamebovary,0,1,1
1996,waterworld,0,1,1
1990,thehillfarm,0,1,1
1996,seven,0,1,1
1991,agranddayout,0,1,1
1990,lethalweapon2,0,1,1
1996,gagarin,0,1,1
1996,dukeofgroove,0,1,1
1991,thefield,0,1,1
1996,dustoflife,0,1,1
1991,senzeninawhathavewedone,0,1,1
1996,fiddlefestrobertatzavarasandhereastharlemviolinprogram,0,1,1
1991,rosekennedyalifetoremember,0,1,1
1996,georgia,0,1,1
1992,alittlevicious,0,1,1
1991,prettywoman,0,1,1
1992,birchstreetgym,0,1,1
1992,birdnestersofthailandakashadowhunters,0,1,1
1996,hankaaronchasingthedream,0,1,1
1991,opendoors,0,1,1
1996,donjuandemarco,0,1,1
1991,thenastygirl,0,1,1
1991,alice,0,1,1
1991,younggunsii,0,1,1
1996,brooms,0,1,1
1991,wildatheart,0,1,1
1996,casino,0,1,1
1991,waldosaltascreenwritersjourney,0,1,1
1996,jimdineaselfportraitonthewalls,0,1,1
1992,blackfly,0,1,1
1991,daysofthunder,0,1,1
1991,foreveractivistsstoriesfromtheveteransoftheabrahamlincolnbrigade,0,1,1
1991,flatliners,0,1,1
1991,edwardscissorhands,0,1,1
1996,runawaybrain,0,1,1
1992,childrenofnature,0,1,1
1991,dearrosie,0,1,1
1991,chimpssolikeus,0,1,1
1991,mrmrsbridge,0,1,1
1991,burningdowntomorrow,0,1,1
1991,buildingbombs,0,1,1
1991,bronxcheers,0,1,1
1992,deathonthejob,0,1,1
1991,berkeleyinthesixties,0,1,1
1996,roommates,0,1,1
1991,grasshopperscavallette,0,1,1
1996,robroy,0,1,1
1991,greencard,0,1,1
1996,oquatrilho,0,1,1
1991,havana,0,1,1
1991,henryjune,0,1,1
1996,nevergiveupthe20thcenturyodysseyofherbertzipper,0,1,1
1996,myfamilymifamilia,0,1,1
1991,journeyintolifetheworldoftheunborn,0,1,1
1996,mrhollandsopus,0,1,1
1991,judou,0,1,1
1991,longtimecompanion,0,1,1
1991,metropolitan,0,1,1
1996,littlesurprises,0,1,1
1994,sixdegreesofseparation,0,1,1
1990,jesusofmontreal,0,1,1
1989,bulldurham,0,1,1
1997,suzannefarrellelusivemuse,0,1,1
1997,specialeffects,0,1,1
1989,technologicalthreat,0,1,1
1989,sunset,0,1,1
1997,startrekfirstcontact,0,1,1
1989,standanddeliver,0,1,1
1989,tequilasunrise,0,1,1
1989,scrooged,0,1,1
1989,salaambombay,0,1,1
1997,tellthetruthandrungeorgeseldesandtheamericanpress,0,1,1
1997,thatthingyoudo,0,1,1
1997,thebirdcage,0,1,1
1993,changingourmindsthestoryofdrevelynhooker,0,1,1
1997,sleepers,0,1,1
1989,thecatcameback,0,1,1
1997,marvinsroom,0,1,1
1997,prisonerofthemountains,0,1,1
1995,queenmargot,0,1,1
1997,onefineday,0,1,1
1993,alien3,0,1,1
1997,primalfear,0,1,1
1989,themusicteacher,0,1,1
1989,thelasttemptationofchrist,0,1,1
1997,ridicule,0,1,1
1993,beyondimaginingmargaretandersonandthelittlereview,0,1,1
1993,attheedgeofconquestthejourneyofchiefwaiwai,0,1,1
1995,nell,0,1,1
1995,maverick,0,1,1
1995,maryshelleysfrankenstein,0,1,1
1989,thecryofreasonbeyersnaudanafrikanerspeaksout,0,1,1
1989,thechildrensstorefront,0,1,1
1989,promisestokeep,0,1,1
1993,closetoeden,0,1,1
1997,thefirstwivesclub,0,1,1
1997,williamshakespearesromeojuliet,0,1,1
1997,trainspotting,0,1,1
1993,damage,0,1,1
1989,familygathering,0,1,1
1993,firesofkuwait,0,1,1
1997,upcloseandpersonal,0,1,1
1997,watspig,0,1,1
1997,wordless,0,1,1
1993,contact,0,1,1
1995,heavenlycreatures,0,1,1
1995,freedomonmymind,0,1,1
1993,glengarryglenross,0,1,1
1989,cadillacdreams,0,1,1
1989,buster,0,1,1
1989,gangcops,0,1,1
1989,gullahtales,0,1,1
1989,hanussen,0,1,1
1989,letsgetlost,0,1,1
1997,thewildbunchanalbuminmontage,0,1,1
1997,therock,0,1,1
1993,daens,0,1,1
1997,thepreacherswife,0,1,1
1995,hoopdreams,0,1,1
1989,marriedtothemob,0,1,1
1997,theothersideofsunday,0,1,1
1989,portraitofimogen,0,1,1
1995,junior,0,1,1
1997,thelinekingthealhirschfeldstory,0,1,1
1997,thehunchbackofnotredame,0,1,1
1993,adam,0,1,1
1992,themarkofthemaker,0,1,1
1997,cosmicvoyage,0,1,1
1990,crackusacountyundersiege,0,1,1
1997,daylight,0,1,1
1990,chancesare,0,1,1
1997,detripascorazon,0,1,1
1990,blaze,0,1,1
1997,canhead,0,1,1
1990,backtothefuturepartii,0,1,1
1990,amazondiary,0,1,1
1990,adrywhiteseason,0,1,1
1990,adamclaytonpowell,0,1,1
1990,dad,0,1,1
1997,breakingthewaves,0,1,1
1989,whokilledvincentchin,0,1,1
1990,forallmankind,0,1,1
1990,harlemnights,0,1,1
1995,thepaper,0,1,1
1992,theox,0,1,1
1992,therestlessconscience,0,1,1
1990,finefoodfinepastriesopen6to9,0,1,1
1995,themask,0,1,1
1997,achefinlove,0,1,1
1992,wildbylaw,0,1,1
1997,anessayonmatisse,0,1,1
1997,angelsandinsects,0,1,1
1995,themonkandthefish,0,1,1
1997,dragonheart,0,1,1
1997,lasalla,0,1,1
1995,thebigstory,0,1,1
1997,jamesandthegiantpeach,0,1,1
1995,strawberryandchocolate,0,1,1
1997,lonestar,0,1,1
1989,womenonthevergeofanervousbreakdown,0,1,1
1995,straightfromtheheart,0,1,1
1997,mandela,0,1,1
1995,schoolofassassins,0,1,1
1997,flyawayhome,0,1,1
1995,theclient,0,1,1
1997,esposados,0,1,1
1997,ernstlyset,0,1,1
1997,eraser,0,1,1
1995,thejanitor,0,1,1
1990,musicbox,0,1,1
1999,babepiginthecity,0,1,1
2016,dayone,0,1,1
2016,joy,0,1,1
2016,fiftyshadesofgrey,0,1,1
2016,everythingwillbeokayalleswirdgut,0,1,1
2016,embraceoftheserpent,0,1,1
2016,creed,0,1,1
2016,avemaria,0,1,1
2016,claudelanzmannspectresoftheshoah,0,1,1
2016,cinderella,0,1,1
2016,chaubeyondthelines,0,1,1
2016,cartelland,0,1,1
2016,boyandtheworld,0,1,1
2016,bodyteam12,0,1,1
2016,lastdayoffreedom,0,1,1
2016,mustang,0,1,1
2016,prologue,0,1,1
2016,racingextinction,0,1,1
2016,sanjayssuperteam,0,1,1
2016,shaunthesheepmovie,0,1,1
2016,shok,0,1,1
2016,straightouttacompton,0,1,1
2016,the100yearoldmanwhoclimbedoutthewindowanddisappeared,0,1,1
2016,theeb,0,1,1
2016,thehuntingground,0,1,1
2016,thelookofsilence,0,1,1
2016,trumbo,0,1,1
2016,wecantlivewithoutcosmos,0,1,1
2016,whathappenedmisssimone,0,1,1
2016,whenmarniewasthere,0,1,1
2016,winteronfireukrainesfightforfreedom,0,1,1
2016,awar,0,1,1
2016,anomalisa,0,1,1
2016,youth,0,1,1
2015,thejudge,0,1,1
2015,twodaysonenight,0,1,1
2015,timbuktu,0,1,1
2015,thetaleoftheprincesskaguya,0,1,1
2015,thesaltoftheearth,0,1,1
2015,thereaperlaparka,0,1,1
2015,thelegomovie,0,1,1
2015,thehobbitthebattleofthefivearmies,0,1,1
2016,45years,0,1,1
2015,thedamkeeper,0,1,1
2015,theboxtrolls,0,1,1
2015,thebiggerpicture,0,1,1
2015,tangerines,0,1,1
2015,songofthesea,0,1,1
2015,virunga,0,1,1
2015,whiteearth,0,1,1
2015,wildtales,0,1,1
2015,xmendaysoffuturepast,0,1,1
2016,worldoftomorrow,0,1,1
1999,beloved,0,1,1
2017,startrekbeyond,0,1,1
2017,timecode,0,1,1
2017,theredturtle,0,1,1
2017,thelobster,0,1,1
2017,theemptychair,0,1,1
2017,tanna,0,1,1
2017,sully,0,1,1
2017,silentnights,0,1,1
2017,lifeanimated,0,1,1
2017,silence,0,1,1
2017,pearl,0,1,1
2017,pearciderandcigarettes,0,1,1
2017,nocturnalanimals,0,1,1
2017,mylifeasazucchini,0,1,1
2017,moana,0,1,1
2017,tonierdmann,0,1,1
2017,watanimyhomeland,0,1,1
2018,abacussmallenoughtojail,0,1,1
2018,allthemoneyintheworld,0,1,1
2018,dekalbelementary,0,1,1
2017,loving,0,1,1
2017,landofmine,0,1,1
2017,20thcenturywomen,0,1,1
2017,13th,0,1,1
2017,13hoursthesecretsoldiersofbenghazi,0,1,1
2017,lafemmeetletgv,0,1,1
2017,41miles,0,1,1
2017,allied,0,1,1
2017,auditionthefoolswhodream,0,1,1
2017,blindvaysha,0,1,1
2017,borrowedtime,0,1,1
2017,cantstopthefeeling,0,1,1
2017,captainfantastic,0,1,1
2017,doctorstrange,0,1,1
2017,elle,0,1,1
2017,ennemisintrieurs,0,1,1
2017,extremis,0,1,1
2017,fireatsea,0,1,1
2017,hailcaesar,0,1,1
2017,howfarillgo,0,1,1
2017,iamnotyournegro,0,1,1
2017,joesviolin,0,1,1
2015,parvaneh,0,1,1
2015,ourcurse,0,1,1
2015,nightcrawler,0,1,1
2013,deathofashadowdoodvaneenschaduw,0,1,1
2013,howtosurviveaplague,0,1,1
2013,hitchcock,0,1,1
2013,henry,0,1,1
2013,headoverheels,0,1,1
2013,freshguacamole,0,1,1
2013,frankenweenie,0,1,1
2013,chasingice,0,1,1
2013,buzkashiboys,0,1,1
2013,asad,0,1,1
2013,aroyalaffair,0,1,1
2013,adamanddog,0,1,1
2013,5brokencameras,0,1,1
2013,kingspoint,0,1,1
2013,kontiki,0,1,1
2013,maggiesimpsoninthelongestdaycare,0,1,1
2013,marvelstheavengers,0,1,1
2013,mirrormirror,0,1,1
2013,mondaysatracine,0,1,1
2013,moonrisekingdom,0,1,1
2013,no,0,1,1
2013,openheart,0,1,1
2013,paranorman,0,1,1
2013,prometheus,0,1,1
2013,redemption,0,1,1
2013,ted,0,1,1
2013,thegatekeepers,0,1,1
2013,theimpossible,0,1,1
2013,theinvisiblewar,0,1,1
2013,thepiratesbandofmisfits,0,1,1
2015,meandmymoulton,0,1,1
2012,monsieurlazhar,0,1,1
2012,realsteel,0,1,1
2012,raju,0,1,1
2012,pussinboots,0,1,1
2012,pina,0,1,1
2012,pentecost,0,1,1
2012,paradiselost3purgatory,0,1,1
2012,margincall,0,1,1
2012,laluna,0,1,1
2012,kungfupanda2,0,1,1
2012,janeeyre,0,1,1
2012,indarkness,0,1,1
2012,incidentinnewbaghdad,0,1,1
2012,ifatreefallsastoryoftheearthliberationfront,0,1,1
2012,rio,0,1,1
2012,riseoftheplanetoftheapes,0,1,1
2012,theadventuresoftintin,0,1,1
2012,thebarberofbirminghamfootsoldierofthecivilrightsmovement,0,1,1
2012,theidesofmarch,0,1,1
2012,thetsunamiandthecherryblossom,0,1,1
2012,timefreak,0,1,1
2012,warrior,0,1,1
2012,we,0,1,1
2012,wildlife,0,1,1
2013,thesessions,0,1,1
2013,warwitch,0,1,1
2013,wreckitralph,0,1,1
2014,thewindrises,0,1,1
2014,thevoormanproblem,0,1,1
2014,thesquare,0,1,1
2014,themissingpicture,0,1,1
2014,theinvisiblewoman,0,1,1
2014,thehunt,0,1,1
2014,thecroods,0,1,1
2015,asinglelife,0,1,1
2015,aya,0,1,1
2015,beginagain,0,1,1
2015,beyondthelights,0,1,1
2015,boogalooandgraham,0,1,1
2015,butterlamplalampeaubeurredeyak,0,1,1
2015,captainamericathewintersoldier,0,1,1
2015,dawnoftheplanetoftheapes,0,1,1
2015,findingvivianmaier,0,1,1
2015,glencampbellillbeme,0,1,1
2015,gonegirl,0,1,1
2015,howtotrainyourdragon2,0,1,1
2015,joanna,0,1,1
2015,lastdaysinvietnam,0,1,1
2015,leviathan,0,1,1
2015,maleficent,0,1,1
2014,thebrokencirclebreakdown,0,1,1
2014,thebookthief,0,1,1
2014,theactofkilling,0,1,1
2014,dirtywars,0,1,1
2014,allislost,0,1,1
2014,aquelnoerayothatwasntme,0,1,1
2014,avantquedetoutperdrejustbeforelosingeverything,0,1,1
2014,beforemidnight,0,1,1
2014,cavedigger,0,1,1
2014,cutieandtheboxer,0,1,1
2014,ernestcelestine,0,1,1
2014,startrekintodarkness,0,1,1
2014,facingfear,0,1,1
2014,feral,0,1,1
2014,getahorse,0,1,1
2014,ironman3,0,1,1
2014,jackasspresentsbadgrandpa,0,1,1
2014,karamahasnowalls,0,1,1
2014,mandelalongwalktofreedom,0,1,1
2014,omar,0,1,1
2014,pitkmunkaikkihoitaadoihavetotakecareofeverything,0,1,1
2014,possessions,0,1,1
2014,prisoners,0,1,1
2014,prisonterminalthelastdaysofprivatejackhall,0,1,1
2014,roomonthebroom,0,1,1
2014,savingmrbanks,0,1,1
2018,editheddie,0,1,1
2018,facesplaces,0,1,1
2018,ferdinand,0,1,1
2022,bealive,0,1,1
2022,audible,0,1,1
2022,attica,0,1,1
2022,ascension,0,1,1
2022,alakachuutakeandrun,0,1,1
2022,affairsoftheart,0,1,1
2022,bestia,0,1,1
2022,boxballet,0,1,1
2022,coming2america,0,1,1
2022,cyrano,0,1,1
2022,dosoruguitas,0,1,1
2022,downtojoy,0,1,1
2022,freeguy,0,1,1
2022,houseofgucci,0,1,1
2022,leadmehome,0,1,1
2022,luca,0,1,1
2022,lunanaayakintheclassroom,0,1,1
2022,onmymind,0,1,1
2022,pleasehold,0,1,1
2022,rayaandthelastdragon,0,1,1
2022,robinrobin,0,1,1
2021,yespeople,0,1,1
2021,greyhound,0,1,1
2021,onward,0,1,1
2021,loveandmonsters,0,1,1
2021,iosseen,0,1,1
2021,husavik,0,1,1
2021,hungerward,0,1,1
2021,hearmyvoice,0,1,1
2021,geniusloci,0,1,1
2021,wolfwalkers,0,1,1
2021,feelingthrough,0,1,1
2021,donotsplit,0,1,1
2021,da5bloods,0,1,1
2021,cripcamp,0,1,1
2021,burrow,0,1,1
2021,betterdays,0,1,1
2021,opera,0,1,1
2021,overthemoon,0,1,1
2021,piecesofawoman,0,1,1
2021,quovadisaida,0,1,1
2021,speaknow,0,1,1
2021,theletterroom,0,1,1
2021,themanwhosoldhisskin,0,1,1
2021,themidnightsky,0,1,1
2021,themoleagent,0,1,1
2021,theoneandonlyivan,0,1,1
2021,thepresent,0,1,1
2021,theunitedstatesvsbillieholiday,0,1,1
2021,thewhitetiger,0,1,1
2021,time,0,1,1
2021,whiteeye,0,1,1
2022,shangchiandthelegendofthetenrings,0,1,1
2022,somehowyoudo,0,1,1
2022,spencer,0,1,1
2023,myyearofdicks,0,1,1
2023,theflyingsailor,0,1,1
2023,simonlerengwilmontandmonicahellstrm,0,1,1
2023,shaunaksenamanmannandteddyleifer,0,1,1
2023,saradosashaneborisandinafichman,0,1,1
2023,pussinbootsthelastwish,0,1,1
2023,nightride,0,1,1
2023,mrsharrisgoestoparis,0,1,1
2022,spidermannowayhome,0,1,1
2023,marceltheshellwithshoeson,0,1,1
2023,liftmeup,0,1,1
2023,lepupille,0,1,1
2023,laurapoitrashowardgertlerjohnlyonsnangoldinandyonigolijov,0,1,1
2023,joshuaseftelandconalljones,0,1,1
2023,jayrosenblatt,0,1,1
2023,thequietgirl,0,1,1
2023,theredsuitcase,0,1,1
2023,theseabeast,0,1,1
2023,thisisalife,0,1,1
2023,toleslie,0,1,1
2023,turningred,0,1,1
2023,ivalu,0,1,1
2023,icemerchants,0,1,1
2023,holdmyhand,0,1,1
2022,thedress,0,1,1
2022,thehandofgod,0,1,1
2022,themitchellsvsthemachines,0,1,1
2022,threesongsforbenazir,0,1,1
2022,whenwewerebullies,0,1,1
2022,writingwithfire,0,1,1
2023,glassonionaknivesoutmystery,0,1,1
2023,aftersun,0,1,1
2023,annealvergueandbethlevison,0,1,1
2023,anostrichtoldmetheworldisfakeandithinkibelieveit,0,1,1
2023,applause,0,1,1
2023,argentina1985,0,1,1
2023,bardofalsechronicleofahandfuloftruths,0,1,1
2023,blonde,0,1,1
2023,causeway,0,1,1
2023,close,0,1,1
2023,empireoflight,0,1,1
2023,eo,0,1,1
2023,evgeniaarbugaevaandmaximarbugaev,0,1,1
2021,ashaunthesheepmoviefarmageddon,0,1,1
2021,alovesongforlatasha,0,1,1
2018,gardenparty,0,1,1
2019,avengersinfinitywar,0,1,1
2019,ateternitysgate,0,1,1
2019,aquietplace,0,1,1
2019,animalbehaviour,0,1,1
2019,anightatthegarden,0,1,1
2019,allthestars,0,1,1
2019,blacksheep,0,1,1
2019,border,0,1,1
2019,capernaum,0,1,1
2019,christopherrobin,0,1,1
2019,detainment,0,1,1
2019,endgame,0,1,1
2019,fauve,0,1,1
2019,firstreformed,0,1,1
2019,halecountythismorningthisevening,0,1,1
2019,illfight,0,1,1
2019,incredibles2,0,1,1
2019,lateafternoon,0,1,1
2019,lifeboat,0,1,1
2019,marguerite,0,1,1
2019,mindingthegap,0,1,1
2019,mirai,0,1,1
2021,aconcertoisaconversation,0,1,1
2018,loveless,0,1,1
2018,negativespace,0,1,1
2018,mysteryoflove,0,1,1
2018,mynephewemmett,0,1,1
2018,mollysgame,0,1,1
2018,mightyriver,0,1,1
2018,lovingvincent,0,1,1
2018,lou,0,1,1
2018,wonder,0,1,1
2018,logan,0,1,1
2018,lastmeninaleppo,0,1,1
2018,kongskullisland,0,1,1
2018,knifeskills,0,1,1
2018,heroine,0,1,1
2018,guardiansofthegalaxyvol2,0,1,1
2018,onbodyandsoul,0,1,1
2018,revoltingrhymes,0,1,1
2018,romanjisraelesq,0,1,1
2018,standupforsomething,0,1,1
2018,strongisland,0,1,1
2018,thebigsick,0,1,1
2018,thebossbaby,0,1,1
2018,thebreadwinner,0,1,1
2018,thedisasterartist,0,1,1
2018,theelevenoclock,0,1,1
2018,thefloridaproject,0,1,1
2018,theinsult,0,1,1
2018,thesquare,0,1,1
2018,thisisme,0,1,1
2018,trafficstop,0,1,1
2018,warfortheplanetoftheapes,0,1,1
2018,watuwoteallofus,0,1,1
2019,mother,0,1,1
2019,offathersandsons,0,1,1
2019,onesmallstep,0,1,1
2020,memorable,0,1,1
2020,standup,0,1,1
2020,sister,0,1,1
2020,saria,0,1,1
2020,richardjewell,0,1,1
2020,neftafootballclub,0,1,1
2020,missinglink,0,1,1
2020,maleficentmistressofevil,0,1,1
2019,ralphbreakstheinternet,0,1,1
2020,lifeovertakesme,0,1,1
2020,lesmisrables,0,1,1
2020,knivesout,0,1,1
2020,klaus,0,1,1
2020,kitbull,0,1,1
2020,stlouissuperman,0,1,1
2020,thecave,0,1,1
2020,theedgeofdemocracy,0,1,1
2020,thelighthouse,0,1,1
2020,thelionking,0,1,1
2020,walkrunchacha,0,1,1
2020,intotheunknown,0,1,1
2020,intheabsence,0,1,1
2020,imstandingwithyou,0,1,1
2019,rbg,0,1,1
2019,readyplayerone,0,1,1
2019,shoplifters,0,1,1
2019,soloastarwarsstory,0,1,1
2019,theplacewherelostthingsgo,0,1,1
2019,thewife,0,1,1
2019,weekends,0,1,1
2019,whenacowboytradeshisspursforwings,0,1,1
2020,ilostmybody,0,1,1
2020,abeautifuldayintheneighborhood,0,1,1
2020,adastra,0,1,1
2020,asister,0,1,1
2020,avengersendgame,0,1,1
2020,brotherhood,0,1,1
2020,corpuschristi,0,1,1
2020,dceradaughter,0,1,1
2020,forsama,0,1,1
2020,harriet,0,1,1
2020,howtotrainyourdragonthehiddenworld,0,1,1
2020,icantletyouthrowyourselfaway,0,1,1
2012,hellandbackagain,0,1,1
2012,godisthebiggerelvis,0,1,1
2012,footnote,0,1,1
2003,spellbound,0,1,1
2003,themanwithoutapast,0,1,1
2003,thecollectorofbedfordstreet,0,1,1
2003,thecathedral,0,1,1
2003,starwarsepisodeiiattackoftheclones,0,1,1
2003,spiritstallionofthecimarron,0,1,1
2003,prisonerofparadise,0,1,1
2003,injadog,0,1,1
2003,mybigfatgreekwedding,0,1,1
2003,mthead,0,1,1
2003,minorityreport,0,1,1
2003,mikesnewcar,0,1,1
2003,mightytimesthelegacyofrosaparks,0,1,1
2003,lilostitch,0,1,1
2003,thequietamerican,0,1,1
2003,thetimemachine,0,1,1
2003,thewildthornberrysmovie,0,1,1
2003,treasureplanet,0,1,1
2003,unfaithful,0,1,1
2003,whycantwebeafamilyagain,0,1,1
2003,wingedmigration,0,1,1
2003,ytumamtambin,0,1,1
2003,zuszo,0,1,1
2003,johnnyflynton,0,1,1
2003,illwaitforthenextonejattendrailesuivant,0,1,1
2002,mulhollanddrive,0,1,1
2002,theaffairofthenecklace,0,1,1
2002,warphotographer,0,1,1
2002,vanillasky,0,1,1
2002,theroyaltenenbaums,0,1,1
2002,themanwhowasntthere,0,1,1
2002,stubbletrouble,0,1,1
2003,iceage,0,1,1
2002,strangeinvaders,0,1,1
2002,speedforthespians,0,1,1
2002,sonofthebride,0,1,1
2002,sing,0,1,1
2002,sexybeast,0,1,1
2003,aboutaboy,0,1,1
2003,dasrad,0,1,1
2003,daughterfromdanang,0,1,1
2003,elcrimendelpadreamaro,0,1,1
2003,faitdhiver,0,1,1
2003,hero,0,1,1
2005,birthdayboy,0,1,1
2005,hardwood,0,1,1
2005,guarddog,0,1,1
2005,gopherbroke,0,1,1
2005,everythinginthiscountrymust,0,1,1
2005,downfall,0,1,1
2005,beingjulia,0,1,1
2004,americansplendor,0,1,1
2005,beforesunset,0,1,1
2005,autismisaworld,0,1,1
2005,asitisinheaven,0,1,1
2005,houseofflyingdaggers,0,1,1
2005,irobot,0,1,1
2005,kinsey,0,1,1
2005,littleterrorist,0,1,1
2005,lorenzo,0,1,1
2005,mariafullofgrace,0,1,1
2005,sharktale,0,1,1
2005,sisterrosespassion,0,1,1
2005,supersizeme,0,1,1
2005,thechildrenofleningradsky,0,1,1
2005,thestoryoftheweepingcamel,0,1,1
2005,thevillage,0,1,1
2005,troy,0,1,1
2005,tupacresurrection,0,1,1
2005,twistoffaith,0,1,1
2004,mostthebridge,0,1,1
2004,amightywind,0,1,1
2004,asylum,0,1,1
2004,atorzijaatorsion,0,1,1
2004,balseros,0,1,1
2004,bigfish,0,1,1
2004,boundin,0,1,1
2004,brotherbear,0,1,1
2004,capturingthefriedmans,0,1,1
2004,destino,0,1,1
2004,dierotejacketheredjacket,0,1,1
2004,dirtyprettythings,0,1,1
2004,evil,0,1,1
2004,ferrytales,0,1,1
2004,gonenutty,0,1,1
2004,myarchitect,0,1,1
2004,nibbles,0,1,1
2004,piecesofapril,0,1,1
2004,somethingsgottagive,0,1,1
2004,squash,0,1,1
2004,thecooler,0,1,1
2004,thetwilightsamurai,0,1,1
2004,theweatherunderground,0,1,1
2004,thirteen,0,1,1
2004,twinsisters,0,1,1
2004,whalerider,0,1,1
2004,zelary,0,1,1
2002,promises,0,1,1
2005,yesterday,0,1,1
2000,buenavistasocialclub,0,1,1
2000,genghisblues,0,1,1
2000,fightclub,0,1,1
2000,eyewitness,0,1,1
2000,election,0,1,1
2000,eastwest,0,1,1
2000,caravan,0,1,1
2000,brorminbrorteisandnico,0,1,1
2000,bicentennialman,0,1,1
2000,austinpowersthespywhoshaggedme,0,1,1
2000,angelasashes,0,1,1
2000,3misses,0,1,1
2000,humdrum,0,1,1
2000,killingjoe,0,1,1
2000,kleingeldsmallchange,0,1,1
2000,life,0,1,1
2000,majorandminormiracles,0,1,1
2000,mygrandmotherironedthekingsshirts,0,1,1
2000,ontheropes,0,1,1
2000,snowfallingoncedars,0,1,1
2000,solomonandgaenor,0,1,1
2000,southparkbiggerlongeruncut,0,1,1
2000,speakinginstrings,0,1,1
2000,stuartlittle,0,1,1
2000,thehurricane,0,1,1
2000,themummy,0,1,1
2000,thestraightstory,0,1,1
2000,thewildestshowinthesouththeangolaprisonrodeo,0,1,1
2000,titus,0,1,1
2002,laleeskinthelegacyofcotton,0,1,1
1999,lennybrucesweartotellthetruth,0,1,1
1999,patchadams,0,1,1
1999,onetruething,0,1,1
1999,mulan,0,1,1
1999,more,0,1,1
1999,mightyjoeyoung,0,1,1
1999,littlevoice,0,1,1
1999,lacartepostalethepostcard,0,1,1
1999,jollyroger,0,1,1
1999,holidayromance,0,1,1
1999,dancemaker,0,1,1
1999,culture,0,1,1
1999,childrenofheaven,0,1,1
1999,bulworth,0,1,1
1999,questforcamelot,0,1,1
1999,regrettoinform,0,1,1
1999,sunriseovertiananmensquare,0,1,1
1999,tango,0,1,1
1999,thecanterburytales,0,1,1
1999,thefarmangolausa,0,1,1
1999,thegrandfather,0,1,1
1999,thehorsewhisperer,0,1,1
1999,velvetgoldmine,0,1,1
1999,victor,0,1,1
1999,whenlifedeparts,0,1,1
2000,toystory2,0,1,1
2000,tumbleweeds,0,1,1
2000,underthesun,0,1,1
2001,vatel,0,1,1
2000,whenthedaybreaks,0,1,1
2001,thetasteofothers,0,1,1
2001,theperiwigmaker,0,1,1
2001,themanonlincolnsnose,0,1,1
2001,theemperorsnewgroove,0,1,1
2002,amanthingmeskasprawa,0,1,1
2002,artistsandorphansatruedrama,0,1,1
2002,bridgetjonessdiary,0,1,1
2002,childrenunderground,0,1,1
2002,copyshop,0,1,1
2002,elling,0,1,1
2002,fiftypercentgrey,0,1,1
2002,ghostworld,0,1,1
2002,giveupyeraulsins,0,1,1
2002,gregorsgreatestinvention,0,1,1
2002,iamsam,0,1,1
2002,jimmyneutronboygenius,0,1,1
2002,kateleopold,0,1,1
2002,lagaan,0,1,1
2001,thecell,0,1,1
2001,spacecowboys,0,1,1
2001,soundandfury,0,1,1
2001,bycourier,0,1,1
2001,102dalmatians,0,1,1
2001,amoresperros,0,1,1
2001,asoccerstoryumahistoriadefutebol,0,1,1
2001,beforenightfalls,0,1,1
2001,curtaincall,0,1,1
2001,seraglio,0,1,1
2001,dancerinthedark,0,1,1
2001,dividedwefall,0,1,1
2001,dolphins,0,1,1
2001,everybodyfamous,0,1,1
2001,hollowman,0,1,1
2001,legacy,0,1,1
2001,longnightsjourneyintoday,0,1,1
2001,meettheparents,0,1,1
2001,onedaycrossing,0,1,1
2001,ontiptoegentlestepstofreedom,0,1,1
2001,rejected,0,1,1
2001,requiemforadream,0,1,1
2001,scottsboroanamericantragedy,0,1,1
2005,twocarsonenight,0,1,1
2012,drive,0,1,1
2010,amatterofloafanddeath,0,1,1
2010,cocobeforechanel,0,1,1
2010,chinasunnaturaldisasterthetearsofsichuanprovince,0,1,1
2010,burmavj,0,1,1
2010,brightstar,0,1,1
2010,asingleman,0,1,1
2010,aprophet,0,1,1
2010,ajami,0,1,1
2010,coraline,0,1,1
2010,foodinc,0,1,1
2010,frenchroast,0,1,1
2010,grannyogrimmssleepingbeauty,0,1,1
2010,harrypotterandthehalfbloodprince,0,1,1
2010,ildivo,0,1,1
2010,insteadofabracadabra,0,1,1
2010,intheloop,0,1,1
2010,juliejulia,0,1,1
2010,kavi,0,1,1
2010,miraclefish,0,1,1
2010,paris36,0,1,1
2010,rabbitlaberlin,0,1,1
2010,thedoor,0,1,1
2010,theladyandthereaperladamaylamuerte,0,1,1
2009,happygolucky,0,1,1
2009,newboy,0,1,1
2009,manonontheasphalt,0,1,1
2009,lavatorylovestory,0,1,1
2009,kungfupanda,0,1,1
2009,inbruges,0,1,1
2009,hellboyiithegoldenarmy,0,1,1
2009,encountersattheendoftheworld,0,1,1
2009,waltzwithbashir,0,1,1
2009,defiance,0,1,1
2009,bolt,0,1,1
2009,australia,0,1,1
2009,aufderstreckeontheline,0,1,1
2009,oktapodi,0,1,1
2009,presto,0,1,1
2009,rachelgettingmarried,0,1,1
2009,revanche,0,1,1
2009,thebaadermeinhofcomplex,0,1,1
2009,thebetrayalnerakhoon,0,1,1
2009,theclass,0,1,1
2009,theconscienceofnhemen,0,1,1
2009,thefinalinch,0,1,1
2009,thegarden,0,1,1
2009,thepig,0,1,1
2009,thevisitor,0,1,1
2009,thewitnessfromthebalconyofroom306,0,1,1
2009,thiswayup,0,1,1
2009,tropicthunder,0,1,1
2009,troublethewater,0,1,1
2010,thelastcampaignofgovernorboothgardner,0,1,1
2010,thelasttruckclosingofagmplant,0,1,1
2010,thelovelybones,0,1,1
2011,theillusionist,0,1,1
2011,unstoppable,0,1,1
2011,tronlegacy,0,1,1
2011,thewayback,0,1,1
2011,thewarriorsofqiugang,0,1,1
2011,thetown,0,1,1
2011,thetempest,0,1,1
2011,thegruffalo,0,1,1
2010,themilkofsorrow,0,1,1
2011,thecrush,0,1,1
2011,theconfession,0,1,1
2011,tangled,0,1,1
2011,suncomeup,0,1,1
2011,salt,0,1,1
2011,restrepo,0,1,1
2011,wasteland,0,1,1
2011,wish143,0,1,1
2012,acatinparis,0,1,1
2012,amorningstroll,0,1,1
2012,anonymous,0,1,1
2012,bullhead,0,1,1
2012,chicorita,0,1,1
2012,deminbichir,0,1,1
2012,dimanchesunday,0,1,1
2011,rabbithole,0,1,1
2011,postergirl,0,1,1
2011,outsidethelawhorslaloi,0,1,1
2011,animalkingdom,0,1,1
2010,themostdangerousmaninamericadanielellsbergandthepentagonpapers,0,1,1
2010,thesecretofkells,0,1,1
2010,transformersrevengeofthefallen,0,1,1
2010,whichwayhome,0,1,1
2011,anotheryear,0,1,1
2011,nawewe,0,1,1
2011,barneysversion,0,1,1
2011,bluevalentine,0,1,1
2011,countrystrong,0,1,1
2011,daynight,0,1,1
2011,dogtooth,0,1,1
2011,exitthroughthegiftshop,0,1,1
2011,gasland,0,1,1
2011,hereafter,0,1,1
2011,iamlove,0,1,1
2011,incendies,0,1,1
2011,ironman2,0,1,1
2011,killinginthename,0,1,1
2011,letspollute,0,1,1
2011,madagascarcarnetdevoyagemadagascarajourneydiary,0,1,1
2006,thedeathofkevincartercasualtyofthebangbangclub,0,1,1
2006,timburtonscorpsebride,0,1,1
2006,thesquidandthewhale,0,1,1
2006,thenewworld,0,1,1
2006,themysteriousgeographicexplorationsofjaspermorello,0,1,1
2006,themushroomclub,0,1,1
2007,afterthewedding,0,1,1
2007,bintaandthegreatideabintaylagranidea,0,1,1
2007,boratculturallearningsofamericaformakebenefitgloriousnationofkazakhstan,0,1,1
2007,click,0,1,1
2007,curseofthegoldenflower,0,1,1
2007,daysofgloryindignes,0,1,1
2007,deliverusfromevil,0,1,1
2007,halfnelson,0,1,1
2007,helmerson,0,1,1
2007,iraqinfragments,0,1,1
2007,jesuscamp,0,1,1
2007,lifted,0,1,1
2007,maestro,0,1,1
2007,monsterhouse,0,1,1
2006,thelastfarm,0,1,1
2006,cashback,0,1,1
2006,batmanbegins,0,1,1
2006,badgered,0,1,1
2006,ausreissertherunaway,0,1,1
2006,9,0,1,1
2006,streetfight,0,1,1
2006,charlieandthechocolatefactory,0,1,1
2006,darwinsnightmare,0,1,1
2006,donttell,0,1,1
2006,enronthesmartestguysintheroom,0,1,1
2006,godsleepsinrwanda,0,1,1
2006,harrypotterandthegobletoffire,0,1,1
2006,howlsmovingcastle,0,1,1
2006,junebug,0,1,1
2006,matchpoint,0,1,1
2006,murderball,0,1,1
2006,onemanband,0,1,1
2006,ourtimeisup,0,1,1
2006,paradisenow,0,1,1
2006,sophieschollthefinaldays,0,1,1
2006,starwarsepisodeiiirevengeofthesith,0,1,1
2007,mycountrymycountry,0,1,1
2007,notimefornuts,0,1,1
2007,poseidon,0,1,1
2008,operationhomecomingwritingthewartimeexperience,0,1,1
2008,norbit,0,1,1
2008,noendinsight,0,1,1
2008,mylovemoyalyubov,0,1,1
2008,mongol,0,1,1
2008,madametutliputli,0,1,1
2008,larsandtherealgirl,0,1,1
2007,recycledlife,0,1,1
2008,lacoronathecrown,0,1,1
2008,katyn,0,1,1
2008,inthevalleyofelah,0,1,1
2008,imnotthere,0,1,1
2008,imetthewalrus,0,1,1
2008,ilsupplentethesubstitute,0,1,1
2008,persepolis,0,1,1
2008,salimbaba,0,1,1
2008,sarismother,0,1,1
2008,sicko,0,1,1
2008,surfsup,0,1,1
2008,tanghiargentini,0,1,1
2008,thekiterunner,0,1,1
2008,thetontowoman,0,1,1
2008,wardance,0,1,1
2008,gonebabygone,0,1,1
2008,easternpromises,0,1,1
2007,rehearsingadream,0,1,1
2007,supermanreturns,0,1,1
2007,theblackdahlia,0,1,1
2007,thegoodgerman,0,1,1
2007,thegoodshepherd,0,1,1
2007,theillusionist,0,1,1
2007,thelittlematchgirl,0,1,1
2007,thepursuitofhappyness,0,1,1
2007,thesaviour,0,1,1
2007,twohands,0,1,1
2007,venus,0,1,1
2007,volver,0,1,1
2007,water,0,1,1
2008,charliewilsonswar,0,1,1
2008,12,0,1,1
2008,acrosstheuniverse,0,1,1
2008,atnight,0,1,1
2008,augustrush,0,1,1
2008,beaufort,0,1,1
1986,youngsherlockholmes,0,1,1
1948,oddmanout,0,1,1
1948,thetimetheplaceandthegirl,0,1,1
1948,theperilsofpauline,0,1,1
1948,theparadinecase,0,1,1
1948,theghostandmrsmuir,0,1,1
1948,thefoxesofharrow,0,1,1
1948,theeggandi,0,1,1
1948,soyouwanttobeinpictures,0,1,1
1948,shoeshine,0,1,1
1948,schoolinthemailbox,0,1,1
1948,roadtorio,0,1,1
1948,ridethepinkhorse,0,1,1
1948,possessed,0,1,1
1948,plutosbluenote,0,1,1
1948,theworldisrich,0,1,1
1948,tmen,0,1,1
1948,tubbythetuba,0,1,1
1949,bfsdaughter,0,1,1
1949,anniewasawonder,0,1,1
1948,unconquered,0,1,1
1948,passporttonowhere,0,1,1
1948,nowyouseeit,0,1,1
1947,theluckiestguyintheworld,0,1,1
1948,mywildirishrose,0,1,1
1947,walkytalkyhawky,0,1,1
1947,trafficwiththedevil,0,1,1
1947,thestranger,0,1,1
1947,thestrangeloveofmarthaivers,0,1,1
1948,acageofnightingales,0,1,1
1948,avoiceisbornthestoryofniklosgafni,0,1,1
1948,boomerang,0,1,1
1948,giveustheearth,0,1,1
1948,moonrockets,0,1,1
1948,monsieurverdoux,0,1,1
1948,journeyintomedicine,0,1,1
1948,ithappenedonfifthavenue,0,1,1
1948,goodnews,0,1,1
1948,foreveramber,0,1,1
1948,brooklynusa,0,1,1
1948,fightofthewildstallions,0,1,1
1948,fiesta,0,1,1
1948,drjekyllandmrmouse,0,1,1
1948,chipandale,0,1,1
1948,champagnefortwo,0,1,1
1948,captainfromcastile,0,1,1
1949,calgarystampede,0,1,1
1949,casbah,0,1,1
1949,cinderellahorse,0,1,1
1949,deepwaters,0,1,1
1950,motherisafreshman,0,1,1
1950,madamebovary,0,1,1
1950,lookforthesilverlining,0,1,1
1950,kenjicomeshome,0,1,1
1950,itsagreatfeeling,0,1,1
1950,ithappenseveryspring,0,1,1
1950,hatchupyourtroubles,0,1,1
1950,edwardmyson,0,1,1
1950,chaseofdeath,0,1,1
1950,beyondtheforest,0,1,1
1950,oncemoremydarling,0,1,1
1950,paisan,0,1,1
1950,passporttopimlico,0,1,1
1950,thebarkleysofbroadway,0,1,1
1950,thequietone,0,1,1
1950,themagicfluke,0,1,1
1950,thehastyheart,0,1,1
1950,thegrassisalwaysgreener,0,1,1
1950,theboyandtheeagle,0,1,1
1950,rollerderbygirl,0,1,1
1950,spillsandchills,0,1,1
1950,soyouthinkyourenotguilty,0,1,1
1950,sodeartomyheart,0,1,1
1950,snowcarnival,0,1,1
1950,saraband,0,1,1
1950,sand,0,1,1
1949,operationvittles,0,1,1
1949,sorrywrongnumber,0,1,1
1949,snowcapers,0,1,1
1949,sittingpretty,0,1,1
1949,sambamania,0,1,1
1949,robinhoodlum,0,1,1
1949,mousewreckers,0,1,1
1949,teafortwohundred,0,1,1
1949,moonrise,0,1,1
1949,mickeyandtheseal,0,1,1
1949,louisianastory,0,1,1
1949,hearttoheart,0,1,1
1949,greengrassofwyoming,0,1,1
1949,goingtoblazes,0,1,1
1949,soyouwanttobeontheradio,0,1,1
1949,thatladyinermine,0,1,1
1949,youcantwin,0,1,1
1949,wetblanketpolicy,0,1,1
1949,thelovesofcarmen,0,1,1
1949,thethreemusketeers,0,1,1
1949,thequietone,0,1,1
1949,thepirate,0,1,1
1949,theluckoftheirish,0,1,1
1947,thespiralstaircase,0,1,1
1950,toytinkers,0,1,1
1946,aguninhishand,0,1,1
1945,womanofthetown,0,1,1
1945,wingandaprayer,0,1,1
1945,upinmabelsroom,0,1,1
1945,twogirlsandasailor,0,1,1
1946,alongtherainbowtrail,0,1,1
1946,brewstersmillions,0,1,1
1946,guestwife,0,1,1
1946,libraryofcongress,0,1,1
1946,ladyonatrain,0,1,1
1946,jasperandthebeanstalk,0,1,1
1946,incendiaryblonde,0,1,1
1946,hitchhiketohappiness,0,1,1
1946,herecomethewaves,0,1,1
1946,guestinthehouse,0,1,1
1946,captaineddie,0,1,1
1946,gihoneymoon,0,1,1
1946,experimentperilous,0,1,1
1946,earlcarrollvanities,0,1,1
1946,donaldscrime,0,1,1
1946,dillinger,0,1,1
1946,captainkidd,0,1,1
1945,threerussiangirls,0,1,1
1945,thewhitecliffsofdover,0,1,1
1947,thedollysisters,0,1,1
1945,theuninvited,0,1,1
1945,notimeforlove,0,1,1
1945,noneshallescape,0,1,1
1945,newamericans,0,1,1
1945,myboyjohnny,0,1,1
1945,musicinmanhattan,0,1,1
1945,moviepests,0,1,1
1945,mainstreettoday,0,1,1
1945,knickerbockerholiday,0,1,1
1945,janie,0,1,1
1945,jammintheblues,0,1,1
1945,jacklondon,0,1,1
1945,irisheyesaresmiling,0,1,1
1945,howtoplayfootball,0,1,1
1945,homeinindiana,0,1,1
1945,hisbutlerssister,0,1,1
1945,resistingenemyinterrogation,0,1,1
1945,screensnapshots50thanniversaryofmotionpictures,0,1,1
1945,secretcommand,0,1,1
1945,thefightingseabees,0,1,1
1945,thesullivans,0,1,1
1945,thestoryofdrwassell,0,1,1
1945,theseventhcross,0,1,1
1945,themiracleofmorganscreek,0,1,1
1945,themerrymonahans,0,1,1
1945,thehairyape,0,1,1
1945,thedesertsong,0,1,1
1945,sensationsof1945,0,1,1
1945,theclimax,0,1,1
1945,thebridgeofsanluisrey,0,1,1
1945,swoonercrooner,0,1,1
1945,sweetandlowdown,0,1,1
1945,summerstorm,0,1,1
1945,steplively,0,1,1
1946,lifewithfeathers,0,1,1
1946,mightymouseingypsylife,0,1,1
1946,musicformillions,0,1,1
1946,parisunderground,0,1,1
1947,divehichamps,0,1,1
1947,collegequeen,0,1,1
1947,chopinsmusicalmoments,0,1,1
1947,childrenofparadise,0,1,1
1947,canyonpassage,0,1,1
1947,caesarandcleopatra,0,1,1
1947,atomicpower,0,1,1
1947,astolenlife,0,1,1
1947,goldenhorses,0,1,1
1947,hissandyell,0,1,1
1947,humoresque,0,1,1
1947,sisterkenny,0,1,1
1947,thedarkmirror,0,1,1
1947,thebluedahlia,0,1,1
1947,surecures,0,1,1
1947,squattersrights,0,1,1
1947,smartasafox,0,1,1
1947,saratogatrunk,0,1,1
1947,johnhenryandtheinkypoo,0,1,1
1947,roadtoutopia,0,1,1
1947,paramountnewsissue37twentiethanniversaryissue19271947,0,1,1
1947,opencity,0,1,1
1947,nightandday,0,1,1
1947,lifeatthezoo,0,1,1
1947,kitty,0,1,1
1946,sunbonnetsue,0,1,1
1946,themanwhowalkedalone,0,1,1
1946,thelittlewitch,0,1,1
1946,thelastbomb,0,1,1
1946,thejurygoesroundnround,0,1,1
1946,theenchantedcottage,0,1,1
1946,theaffairsofsusan,0,1,1
1946,storyofadog,0,1,1
1946,thespanishmain,0,1,1
1946,singyourwayhome,0,1,1
1946,screensnapshots25thanniversary,0,1,1
1946,saltyorourke,0,1,1
1946,ripplingromance,0,1,1
1946,prideofthemarines,0,1,1
1946,thepoetandpeasant,0,1,1
1946,theunseen,0,1,1
1946,thewomaninthewindow,0,1,1
1946,yournationalgallery,0,1,1
1946,whiterhapsody,0,1,1
1946,whatnextcorporalhargrove,0,1,1
1946,totheshoresofiwojima,0,1,1
1946,threeisafamily,0,1,1
1946,thisloveofours,0,1,1
1950,thewindow,0,1,1
1950,tulsa,0,1,1
1954,thecruelsea,0,1,1
1954,winterparadise,0,1,1
1954,weewaterwonders,0,1,1
1954,vesuviusexpress,0,1,1
1954,torchsong,0,1,1
1954,thisiscinerama,0,1,1
1954,theyplantedastone,0,1,1
1954,theword,0,1,1
1954,thetelltaleheart,0,1,1
1954,thestoryofthreeloves,0,1,1
1954,thenakedspur,0,1,1
1954,themississippigambler,0,1,1
1954,thelivingcity,0,1,1
1954,thefourposter,0,1,1
1955,crazymixeduppup,0,1,1
1955,breadloveanddreams,0,1,1
1955,beautyandthebull,0,1,1
1955,adventuresofrobinsoncrusoe,0,1,1
1954,thedesertrats,0,1,1
1954,theconquestofeverest,0,1,1
1954,thecaptainsparadise,0,1,1
1954,crazylegs,0,1,1
1954,christophercrumpet,0,1,1
1954,christamongtheprimitives,0,1,1
1954,beneaththe12milereef,0,1,1
1954,benandme,0,1,1
1954,aqueeniscrowned,0,1,1
1954,allthebrotherswerevaliant,0,1,1
1954,aboveandbeyond,0,1,1
1954,dreamwife,0,1,1
1954,fromatozzzz,0,1,1
1954,herringhunt,0,1,1
1954,returntoglennascaul,0,1,1
1954,thecaddy,0,1,1
1954,theactress,0,1,1
1954,the5000fingersofdrt,0,1,1
1954,takethehighground,0,1,1
1954,smalltowngirl,0,1,1
1954,ruggedbear,0,1,1
1954,pickuponsouthstreet,0,1,1
1954,hondo,0,1,1
1954,operationbluejay,0,1,1
1954,misssadiethompson,0,1,1
1954,littlefugitive,0,1,1
1954,kissmekate,0,1,1
1954,joyofliving,0,1,1
1954,howtomarryamillionaire,0,1,1
1955,forbiddengames,0,1,1
1955,hellandhighwater,0,1,1
1955,indiscretionofanamericanwife,0,1,1
1955,itshouldhappentoyou,0,1,1
1956,thelegendofrockabyepoint,0,1,1
1956,thedambusters,0,1,1
1956,thecourtmartialofbillymitchell,0,1,1
1956,switzerland,0,1,1
1956,strategicaircommand,0,1,1
1956,petekellysblues,0,1,1
1956,onthetwelfthday,0,1,1
1956,notasastranger,0,1,1
1956,nohunting,0,1,1
1956,mrhulotsholiday,0,1,1
1956,heartbreakridge,0,1,1
1956,goodwilltomen,0,1,1
1956,gadgetsgalore,0,1,1
1956,thepickwickpapers,0,1,1
1956,theprivatewarofmajorbenson,0,1,1
1956,therainsofranchipur,0,1,1
1956,unchained,0,1,1
1956,thesevenlittlefoys,0,1,1
1956,ugetsu,0,1,1
1956,trial,0,1,1
1956,threekisses,0,1,1
1956,thevirginqueen,0,1,1
1956,thetendertrap,0,1,1
1956,thesheephasfivelegs,0,1,1
1956,battlecry,0,1,1
1956,amancalledpeter,0,1,1
1956,3rdaveel,0,1,1
1955,roguecop,0,1,1
1955,thefirstpianoquartette,0,1,1
1955,theegyptian,0,1,1
1955,theearringsofmadamede,0,1,1
1955,siam,0,1,1
1955,sandyclaws,0,1,1
1955,rembrandtaselfportrait,0,1,1
1955,thestratfordadventure,0,1,1
1955,redgarters,0,1,1
1955,pigsispigs,0,1,1
1955,nightpeople,0,1,1
1955,magnificentobsession,0,1,1
1955,leplaisir,0,1,1
1955,knockonwood,0,1,1
1955,them,0,1,1
1955,thestraussfantasy,0,1,1
1956,24houralert,0,1,1
1955,whitechristmas,0,1,1
1955,touchpussycat,0,1,1
1950,watertrix,0,1,1
1951,thegunfighter,0,1,1
1951,wrongwaybutch,0,1,1
1951,withthesehands,0,1,1
1951,whenwilliecomesmarchinghome,0,1,1
1951,wabashavenue,0,1,1
1951,troubleindemnity,0,1,1
1951,trio,0,1,1
1951,threelittlewords,0,1,1
1951,thewestpointstory,0,1,1
1951,thetoastofneworleans,0,1,1
1951,thestairs,0,1,1
1951,thereddanube,0,1,1
1952,balzac,0,1,1
1952,goldengirl,0,1,1
1952,goforbroke,0,1,1
1952,fourteenhours,0,1,1
1952,dangerunderthesea,0,1,1
1952,comefillthecup,0,1,1
1952,bullfighterandthelady,0,1,1
1952,aliceinwonderland,0,1,1
1951,themen,0,1,1
1951,thefuries,0,1,1
1951,thefightscienceagainstcancer,0,1,1
1951,adamsrib,0,1,1
1950,whiteheat,0,1,1
1951,bitterrice,0,1,1
1951,blazebusters,0,1,1
1951,mysterystreet,0,1,1
1951,theblackrose,0,1,1
1951,thatforsytewoman,0,1,1
1951,singingguns,0,1,1
1951,ourveryown,0,1,1
1951,nowayout,0,1,1
1951,nosadsongsforme,0,1,1
1951,mycountrytisofthee,0,1,1
1951,grandmamoses,0,1,1
1951,mister880,0,1,1
1951,louisa,0,1,1
1951,jerryscousin,0,1,1
1951,illgetby,0,1,1
1952,houseontelegraphhill,0,1,1
1952,iwantyou,0,1,1
1952,iwasacommunistforthefbi,0,1,1
1953,sonofpaleface,0,1,1
1953,royalscotland,0,1,1
1953,romanceoftransportation,0,1,1
1953,rashomon,0,1,1
1953,pinkandblueblues,0,1,1
1953,patandmike,0,1,1
1953,mysonjohn,0,1,1
1953,miracleoffatima,0,1,1
1953,milliondollarmermaid,0,1,1
1953,manalive,0,1,1
1953,madeline,0,1,1
1953,littlejohnnyjet,0,1,1
1953,justforyou,0,1,1
1953,flattop,0,1,1
1953,tharsheblows,0,1,1
1953,theatomiccity,0,1,1
1953,theprideofstlouis,0,1,1
1953,thethief,0,1,1
1953,thestar,0,1,1
1953,thesniper,0,1,1
1953,thepromoter,0,1,1
1953,thenarrowmargin,0,1,1
1953,thegardenspiderepeiradiadema,0,1,1
1953,thememberofthewedding,0,1,1
1953,themedium,0,1,1
1953,themaninthewhitesuit,0,1,1
1953,thejazzsinger,0,1,1
1953,thehoaxters,0,1,1
1953,desertkiller,0,1,1
1953,bridgeoftime,0,1,1
1952,strangersonatrain,0,1,1
1952,theseeingeye,0,1,1
1952,themudlark,0,1,1
1952,themodelandthemarriagebroker,0,1,1
1952,thematingseason,0,1,1
1952,thebigcarnival,0,1,1
1952,teresa,0,1,1
1952,royalwedding,0,1,1
1952,thestrip,0,1,1
1952,rootytoottoot,0,1,1
1952,ridintherails,0,1,1
1952,richyoungandpretty,0,1,1
1952,onewhocameback,0,1,1
1952,lambertthesheepishlion,0,1,1
1952,kindlady,0,1,1
1952,thestoryoftime,0,1,1
1952,tooyoungtokiss,0,1,1
1953,becauseyouremine,0,1,1
1953,athletesofthesaddle,0,1,1
1953,affairintrinidad,0,1,1
1952,twoticketstobroadway,0,1,1
1945,hailtheconqueringhero,0,1,1
1945,followtheboys,0,1,1
1945,fishfry,0,1,1
1937,fury,0,1,1
1937,thelastofthemohicans,0,1,1
1937,thatgirlfromparis,0,1,1
1937,suzy,0,1,1
1937,singbabysing,0,1,1
1937,sinbadthesailor,0,1,1
1937,popularsciencej62,0,1,1
1937,pigskinparade,0,1,1
1937,penniesfromheaven,0,1,1
1937,oneinamillion,0,1,1
1937,oldmillpond,0,1,1
1937,moscowmoods,0,1,1
1937,libeledlady,0,1,1
1937,lafiestadesantabarbara,0,1,1
1937,golddiggersof1937,0,1,1
1937,themagnificentbrute,0,1,1
1937,thesethree,0,1,1
1937,thetexasrangers,0,1,1
1937,wantedamaster,0,1,1
1937,valiantisthewordforcarrie,0,1,1
1937,trailofthelonesomepine,0,1,1
1937,generalspanky,0,1,1
1937,dummyache,0,1,1
1936,beckysharp,0,1,1
1937,doubleornothing,0,1,1
1936,thecrusades,0,1,1
1936,thecalicodragon,0,1,1
1936,thanksamillion,0,1,1
1936,rugglesofredgap,0,1,1
1936,roberta,0,1,1
1936,privateworlds,0,1,1
1936,peteribbetson,0,1,1
1936,ohmynerves,0,1,1
1936,lovemeforever,0,1,1
1936,idreamtoomuch,0,1,1
1936,gmen,0,1,1
1936,escapemenever,0,1,1
1936,camerathrills,0,1,1
1936,brideoffrankenstein,0,1,1
1936,thegaydeception,0,1,1
1936,titfortat,0,1,1
1936,whokilledcockrobin,0,1,1
1937,dancingpirate,0,1,1
1937,cainandmabel,0,1,1
1937,banjoonmyknee,0,1,1
1937,afterthethinman,0,1,1
1938,adayattheraces,0,1,1
1938,alibabagoestotown,0,1,1
1938,anightatthemovies,0,1,1
1939,mothergoosegoeshollywood,0,1,1
1939,mannequin,0,1,1
1939,hunkyandspunky,0,1,1
1939,holiday,0,1,1
1939,grandillusion,0,1,1
1939,goodscouts,0,1,1
1939,goingplaces,0,1,1
1939,girlsschool,0,1,1
1939,breakingtheice,0,1,1
1939,bravelittletailor,0,1,1
1939,blockheads,0,1,1
1939,ofhumanhearts,0,1,1
1939,pacificliner,0,1,1
1939,stormoverbengal,0,1,1
1939,threecomrades,0,1,1
1939,whitebanners,0,1,1
1939,underwesternstars,0,1,1
1939,tropicholiday,0,1,1
1939,timbertoppers,0,1,1
1939,theyrealwayscaught,0,1,1
1939,swingtimeinthemovies,0,1,1
1939,theregoesmyheart,0,1,1
1939,theladyobjects,0,1,1
1939,thegreatheart,0,1,1
1939,thebuccaneer,0,1,1
1939,theadventuresoftomsawyer,0,1,1
1938,makeawish,0,1,1
1938,readywillingandable,0,1,1
1938,qualitystreet,0,1,1
1938,portiaontrial,0,1,1
1938,popularsciencej71,0,1,1
1938,mrdoddtakestheair,0,1,1
1938,manhattanmerrygoround,0,1,1
1938,hittinganewhigh,0,1,1
1938,shallwedance,0,1,1
1938,everydaysaholiday,0,1,1
1938,educatedfish,0,1,1
1938,deepsouth,0,1,1
1938,camille,0,1,1
1938,blacklegion,0,1,1
1938,artistsandmodels,0,1,1
1938,romanceofradium,0,1,1
1938,shouldwiveswork,0,1,1
1938,wayoutwest,0,1,1
1938,youreasweetheart,0,1,1
1938,wingsoverhonolulu,0,1,1
1938,wellsfargo,0,1,1
1938,weewilliewinkie,0,1,1
1938,snowwhiteandthesevendwarfs,0,1,1
1938,varsityshow,0,1,1
1938,thinice,0,1,1
1938,themanwithoutacountry,0,1,1
1938,thelittlematchgirl,0,1,1
1938,thegirlsaidno,0,1,1
1938,somethingtosingabout,0,1,1
1936,blackfury,0,1,1
1936,barbarycoast,0,1,1
1945,dogcatandcanary,0,1,1
1931,hellsangels,0,1,1
1931,thevagabondking,0,1,1
1931,thetrespasser,0,1,1
1931,theroguesong,0,1,1
1931,theirowndesire,0,1,1
1931,thegreengoddess,0,1,1
1931,thedevilsholiday,0,1,1
1931,thecaseofsergeantgrischa,0,1,1
1931,thebigpond,0,1,1
1931,streetofchance,0,1,1
1931,songoftheflame,0,1,1
1931,sarahandson,0,1,1
1931,sally,0,1,1
1932,eastlynne,0,1,1
1932,justimagine,0,1,1
1932,traderhorn,0,1,1
1932,whoopee,0,1,1
1932,theroyalfamilyofbroadway,0,1,1
1932,laughter,0,1,1
1932,therighttolove,0,1,1
1932,thepublicenemy,0,1,1
1932,thedoorwaytohell,0,1,1
1932,thecriminalcode,0,1,1
1932,smartmoney,0,1,1
1932,littlecaesar,0,1,1
1931,raffles,0,1,1
1931,hallelujah,0,1,1
1936,audioscopiks,0,1,1
1931,condemned,0,1,1
1930,hollywoodrevue,0,1,1
1930,fourdevils,0,1,1
1930,dynamite,0,1,1
1930,drag,0,1,1
1930,awomanofaffairs,0,1,1
1929,theracket,0,1,1
1929,theprivatelifeofhelenoftroy,0,1,1
1929,thelastcommand,0,1,1
1929,thejazzsinger,0,1,1
1929,speedy,0,1,1
1929,sorrellandson,0,1,1
1929,gloriousbetsy,0,1,1
1930,salofsingapore,0,1,1
1930,skyscraper,0,1,1
1930,theawakening,0,1,1
1930,wonderofwomen,0,1,1
1930,thebarker,0,1,1
1930,wearyriver,0,1,1
1930,thunderbolt,0,1,1
1930,theletter,0,1,1
1930,theleatherneck,0,1,1
1930,thelastofmrscheyney,0,1,1
1930,thecop,0,1,1
1933,emma,0,1,1
1933,fivestarfinal,0,1,1
1933,itsgotmeagain,0,1,1
1935,meninblack,0,1,1
1935,jollylittleelves,0,1,1
1935,holidayland,0,1,1
1935,hideout,0,1,1
1935,herecomesthenavy,0,1,1
1935,flyingdowntorio,0,1,1
1935,bosomfriends,0,1,1
1934,whenladiesmeet,0,1,1
1935,ofhumanbondage,0,1,1
1935,operator13,0,1,1
1935,shelovesmenot,0,1,1
1936,1000aminute,0,1,1
1935,strikesandspares,0,1,1
1935,whatnomen,0,1,1
1935,therichestgirlintheworld,0,1,1
1935,thelostpatrol,0,1,1
1935,thehouseofrothschild,0,1,1
1934,thesignofthecross,0,1,1
1934,thesea,0,1,1
1934,theprizefighterandthelady,0,1,1
1933,theloudmouth,0,1,1
1933,whatpricehollywood,0,1,1
1933,thestarwitness,0,1,1
1933,thesmilinglieutenant,0,1,1
1933,swinghigh,0,1,1
1933,screensouvenirs,0,1,1
1933,scratchascatchcan,0,1,1
1933,onehourwithyou,0,1,1
1933,mickeysorphans,0,1,1
1933,ladyandgent,0,1,1
1934,menu,0,1,1
1934,themerryoldsoul,0,1,1
1934,smilinthrough,0,1,1
1934,shedonehimwrong,0,1,1
1934,reunioninvienna,0,1,1
1934,rasputinandtheempress,0,1,1
1934,mistermugg,0,1,1
1934,golddiggersof1933,0,1,1
1934,buildingabuilding,0,1,1
1934,berkeleysquare,0,1,1
1934,apreferredlist,0,1,1
1943,marinesinthemaking,0,1,1
1943,totheshoresoftripoli,0,1,1
1943,tortillaflat,0,1,1
1943,tobeornottobe,0,1,1
1943,thewaragainstmrshadley,0,1,1
1943,thespoilers,0,1,1
1943,thenavycomesthrough,0,1,1
1943,themayorof44thstreet,0,1,1
1943,thecorsicanbrothers,0,1,1
1943,tengentlemenfromwestpoint,0,1,1
1943,privatesmithoftheusa,0,1,1
1943,pigsinapolka,0,1,1
1943,orchestrawives,0,1,1
1943,onceuponahoneymoon,0,1,1
1943,mysistereileen,0,1,1
1943,tulipsshallgrow,0,1,1
1943,unitedstatesmarineband,0,1,1
1943,youthonparade,0,1,1
1943,moontide,0,1,1
1943,klondikefury,0,1,1
1943,jukeboxjamboree,0,1,1
1942,whenladiesmeet,0,1,1
1942,warcloudsinthepacific,0,1,1
1942,truantofficerdonald,0,1,1
1943,alloutforv,0,1,1
1943,georgewashingtonslepthere,0,1,1
1943,johnnydoughboy,0,1,1
1943,joanofparis,0,1,1
1943,itstartedwitheve,0,1,1
1943,invisibleagent,0,1,1
1943,imarriedawitch,0,1,1
1943,hellzapoppin,0,1,1
1943,friendlyenemies,0,1,1
1943,alwaysinmyheart,0,1,1
1943,formeandmygal,0,1,1
1943,donttalk,0,1,1
1943,desperatejourney,0,1,1
1943,desertwonderland,0,1,1
1943,blitzwolf,0,1,1
1943,babesonbroadway,0,1,1
1944,actioninthenorthatlantic,0,1,1
1944,baptismoffire,0,1,1
1944,bombardier,0,1,1
1944,cabininthesky,0,1,1
1944,youthincrisis,0,1,1
1944,womenatwar,0,1,1
1944,wardepartmentreport,0,1,1
1944,victorythroughairpower,0,1,1
1944,tothepeopleoftheunitedstates,0,1,1
1944,tomorrowwefly,0,1,1
1944,theoxbowincident,0,1,1
1944,themoonandsixpence,0,1,1
1944,thekansan,0,1,1
1944,thegangsallhere,0,1,1
1944,thefallensparrow,0,1,1
1945,aguynamedjoe,0,1,1
1945,daysofglory,0,1,1
1945,christmasholiday,0,1,1
1945,bombalera,0,1,1
1945,bluegrassgentlemen,0,1,1
1945,arturotoscanini,0,1,1
1945,andtothinkisawitonmulberrystreet,0,1,1
1944,thedizzyacrobat,0,1,1
1944,theconstantnymph,0,1,1
1944,thebattleofrussia,0,1,1
1944,flightforfreedom,0,1,1
1944,holymatrimony,0,1,1
1944,hollywoodinuniform,0,1,1
1944,hididdlediddle,0,1,1
1944,herstohold,0,1,1
1944,greetingsbait,0,1,1
1944,destinationtokyo,0,1,1
1944,johnnycomelately,0,1,1
1944,corvettek225,0,1,1
1944,coneyisland,0,1,1
1944,commandosstrikeatdawn,0,1,1
1944,childrenofmars,0,1,1
1944,championscarryon,0,1,1
1944,cavalcadeofdancewithvelozandyolanda,0,1,1
1944,imagination,0,1,1
1944,ladyofburlesque,0,1,1
1944,theamazingmrsholliday,0,1,1
1944,seeinghands,0,1,1
1944,the500hatsofbartholomewcubbins,0,1,1
1944,thankyourluckystars,0,1,1
1944,swedesinamerica,0,1,1
1944,standbyforaction,0,1,1
1944,sothisiswashington,0,1,1
1944,shadowofadoubt,0,1,1
1944,ridinghigh,0,1,1
1944,lassiecomehome,0,1,1
1944,reportfromthealeutians,0,1,1
1944,reasonandemotion,0,1,1
1944,planfordestruction,0,1,1
1944,missiontomoscow,0,1,1
1944,mardigras,0,1,1
1944,lettertoahero,0,1,1
1942,tomdickandharry,0,1,1
1942,thiswomanismine,0,1,1
1942,thetanksarecoming,0,1,1
1941,moreaboutnostradamus,0,1,1
1941,londoncantakeit,0,1,1
1941,lillianrussell,0,1,1
1941,irene,0,1,1
1941,eyesofthenavy,0,1,1
1941,edisontheman,0,1,1
1941,drehrlichsmagicbullet,0,1,1
1941,drcyclops,0,1,1
1941,comradex,0,1,1
1941,captaincaution,0,1,1
1941,behindthenews,0,1,1
1941,awildhare,0,1,1
1941,angelsoverbroadway,0,1,1
1941,musicinmyheart,0,1,1
1941,mysonmyson,0,1,1
1941,northwestpassage,0,1,1
1941,theinvisiblemanreturns,0,1,1
1941,womeninwar,0,1,1
1941,typhoon,0,1,1
1941,toomanyhusbands,0,1,1
1941,theyknewwhattheywanted,0,1,1
1941,themarkofzorro,0,1,1
1941,thehouseofthesevengables,0,1,1
1941,primrosepath,0,1,1
1941,thefightforlife,0,1,1
1941,swissfamilyrobinson,0,1,1
1941,siege,0,1,1
1941,servicewiththecolors,0,1,1
1941,rhythmontheriver,0,1,1
1941,pussgetstheboot,0,1,1
1940,drumsalongthemohawk,0,1,1
1940,intermezzo,0,1,1
1940,informationplease,0,1,1
1940,goldenboy,0,1,1
1940,fivetimesfive,0,1,1
1940,eternallyyours,0,1,1
1940,drunkdriving,0,1,1
1940,detouringamerica,0,1,1
1940,nurseedithcavell,0,1,1
1940,captainfury,0,1,1
1940,balalaika,0,1,1
1940,bachelormother,0,1,1
1940,juarez,0,1,1
1940,onlyangelshavewings,0,1,1
1940,theyshallhavemusic,0,1,1
1940,youngmrlincoln,0,1,1
1940,waydownsouth,0,1,1
1940,unionpacific,0,1,1
1940,toppertakesatrip,0,1,1
1940,thepointer,0,1,1
1940,peaceonearth,0,1,1
1940,themanintheironmask,0,1,1
1940,swordfishing,0,1,1
1940,swaneeriver,0,1,1
1940,shemarriedacop,0,1,1
1940,secondfiddle,0,1,1
1940,prophetwithouthonor,0,1,1
1941,youllfindout,0,1,1
1942,thestrawberryblonde,0,1,1
1942,sagebrushandsilver,0,1,1
1942,russiansoil,0,1,1
1942,ridinonarainbow,0,1,1
1942,rhythmintheranks,0,1,1
1942,rhapsodyinrivets,0,1,1
1942,pennyserenade,0,1,1
1942,onefootinheaven,0,1,1
1942,norwayinrevolt,0,1,1
1942,nighttrain,0,1,1
1942,mercyisland,0,1,1
1942,meetjohndoe,0,1,1
1942,lydia,0,1,1
1942,lifeofathoroughbred,0,1,1
1942,letterfromhome,0,1,1
1942,lasvegasnights,0,1,1
1942,skylark,0,1,1
1942,soendsournight,0,1,1
1942,soldiersofthesky,0,1,1
1942,theinvisiblewoman,0,1,1
1942,thesonofmontecristo,0,1,1
1942,theseawolf,0,1,1
1942,therookiebear,0,1,1
1942,thenightbeforechristmas,0,1,1
1942,themeninherlife,0,1,1
1942,theladyeve,0,1,1
1942,thegayparisian,0,1,1
1942,sunny,0,1,1
1942,theflameofneworleans,0,1,1
1942,thedevilpaysoff,0,1,1
1942,thatuncertainfeeling,0,1,1
1942,tanksamillion,0,1,1
1942,talldarkandhandsome,0,1,1
1942,superman,0,1,1
1942,kingsoftheturf,0,1,1
1942,kingofthezombies,0,1,1
1942,icecapades,0,1,1
1942,armychampions,0,1,1
1942,appointmentforlove,0,1,1
1942,aplacetolive,0,1,1
1942,aliveinthedeep,0,1,1
1942,adventureinthebronx,0,1,1
1942,backstreet,0,1,1
1942,ayankintheraf,0,1,1
1942,beautyandthebeach,0,1,1
1942,howwarcame,0,1,1
1942,divebomber,0,1,1
1942,hiawathasrabbithunt,0,1,1
1942,fortyboysandasong,0,1,1
1942,forbiddenpassage,0,1,1
1942,flightcommand,0,1,1
1942,downonthefarm,0,1,1
1942,christmasunderfire,0,1,1
1942,billythekid,0,1,1
1942,cheersformissbishop,0,1,1
1942,boogiewoogiebugleboyofcompanyb,0,1,1
1942,bomber,0,1,1
1942,bluesinthenight,0,1,1
1942,birthoftheblues,0,1,1
1976,adayinthelifeofbonnieconsolo,0,1,1
1976,lettersfrommarusia,0,1,1
1976,landofpromise,0,1,1
1976,kickme,0,1,1
1976,jacquelinesusannsonceisnotenough,0,1,1
1976,hesterstreet,0,1,1
1976,hedda,0,1,1
1976,giveemhellharry,0,1,1
1976,fightingforourlives,0,1,1
1976,farewellmylovely,0,1,1
1976,doubletalk,0,1,1
1976,dawnflight,0,1,1
1976,conquestoflight,0,1,1
1976,birdsdoitbeesdoit,0,1,1
1976,arthurandlillie,0,1,1
1976,liesmyfathertoldme,0,1,1
1976,mahogany,0,1,1
1976,millionsofyearsaheadofman,0,1,1
1976,themanintheglassbooth,0,1,1
1976,whistlingsmith,0,1,1
1976,whiffs,0,1,1
1976,threedaysofthecondor,0,1,1
1976,thestoryofadeleh,0,1,1
1976,theothersideofthemountain,0,1,1
1976,theotherhalfoftheskyachinamemoir,0,1,1
1976,themagicflute,0,1,1
1976,monsieurpointu,0,1,1
1976,theincrediblemachine,0,1,1
1976,thefourmusketeers,0,1,1
1976,thecaliforniareich,0,1,1
1976,sisyphus,0,1,1
1976,sandakanno8,0,1,1
1976,probesinspace,0,1,1
1976,andnowmylove,0,1,1
1975,cityoutofwilderness,0,1,1
1975,thechallengeatributetomodernart,0,1,1
1975,theapprenticeshipofduddykravitz,0,1,1
1975,the81stblow,0,1,1
1975,shanks,0,1,1
1975,planetocean,0,1,1
1975,phantomoftheparadise,0,1,1
1975,nakedyoga,0,1,1
1975,lacombelucien,0,1,1
1975,johnmuirshighsierra,0,1,1
1975,hunger,0,1,1
1975,gold,0,1,1
1975,exploratorium,0,1,1
1975,daisymiller,0,1,1
1975,climb,0,1,1
1975,theconcert,0,1,1
1975,thedeluge,0,1,1
1975,thefamilythatdweltapart,0,1,1
1975,winniethepoohandtiggertoo,0,1,1
1975,theislandatthetopoftheworld,0,1,1
1975,voyagetonext,0,1,1
1975,thunderboltandlightfoot,0,1,1
1975,thewildandthebrave,0,1,1
1975,theviolin,0,1,1
1975,thetruce,0,1,1
1975,thelongestyard,0,1,1
1929,chang,0,1,1
1978,ineverpromisedyouarosegarden,0,1,1
1978,homagetochagallthecoloursoflove,0,1,1
1978,highgrasscircus,0,1,1
1978,floatingfree,0,1,1
1978,firstedition,0,1,1
1978,aguedamartinezourpeopleourcountry,0,1,1
1978,iphigenia,0,1,1
1978,islandsinthestream,0,1,1
1978,jimmythec,0,1,1
1978,spaceborne,0,1,1
1978,thelateshow,0,1,1
1978,thedoonesburyspecial,0,1,1
1978,thedeep,0,1,1
1978,thechildrenoftheatrestreet,0,1,1
1978,thebeadgame,0,1,1
1978,theabsentmindedwaiter,0,1,1
1978,sorcerer,0,1,1
1978,mohammadmessengerofgod,0,1,1
1978,smokeyandthebandit,0,1,1
1978,saturdaynightfever,0,1,1
1978,operationthunderbolt,0,1,1
1978,ohgod,0,1,1
1978,oftimetombsandtreasure,0,1,1
1978,notesonthepopulararts,0,1,1
1977,volcanoaninquiryintothelifeanddeathofmalcolmlowry,0,1,1
1977,universe,0,1,1
1977,bugsymalone,0,1,1
1977,kudzu,0,1,1
1977,jacobtheliar,0,1,1
1977,hollywoodontrial,0,1,1
1977,halfahouse,0,1,1
1977,dedalo,0,1,1
1977,blackwood,0,1,1
1977,nightlife,0,1,1
1977,americanshoeshine,0,1,1
1977,marathonman,0,1,1
1977,nightsanddays,0,1,1
1977,twominutewarning,0,1,1
1977,themorningspider,0,1,1
1977,thestreet,0,1,1
1977,theshootist,0,1,1
1977,thepinkpantherstrikesagain,0,1,1
1977,thepassoverplot,0,1,1
1977,theoutlawjoseywales,0,1,1
1977,thelasttycoon,0,1,1
1977,numberone,0,1,1
1977,thefront,0,1,1
1977,theendoftheroad,0,1,1
1977,silverstreak,0,1,1
1977,peopleofthewind,0,1,1
1977,offtheedge,0,1,1
1977,obsession,0,1,1
1975,claudine,0,1,1
1975,catsplay,0,1,1
1971,mynightatmauds,0,1,1
1972,dodeskaden,0,1,1
1972,thenumbersstartwiththeriver,0,1,1
1972,thegobetween,0,1,1
1972,theemigrants,0,1,1
1972,theconformist,0,1,1
1972,theboyfriend,0,1,1
1972,strawdogs,0,1,1
1972,somebodywaiting,0,1,1
1972,onanysunday,0,1,1
1972,mccabemrsmiller,0,1,1
1972,investigationofacitizenabovesuspicion,0,1,1
1972,goodmorning,0,1,1
1972,thepoliceman,0,1,1
1972,theraexpeditions,0,1,1
1972,therehearsal,0,1,1
1973,1776,0,1,1
1972,theselfishgiant,0,1,1
1972,willywonkaandthechocolatefactory,0,1,1
1972,whoisharrykellermanandwhyishesayingthoseterriblethingsaboutme,0,1,1
1972,whendinosaursruledtheearth,0,1,1
1972,whatsthematterwithhelen,0,1,1
1972,thesorrowandthepity,0,1,1
1972,evolution,0,1,1
1972,diamondsareforever,0,1,1
1975,benji,0,1,1
1972,deathinvenice,0,1,1
1971,tristana,0,1,1
1971,timeisrunningout,0,1,1
1971,theshepherd,0,1,1
1971,themollymaguires,0,1,1
1971,thelandlord,0,1,1
1971,thehawaiians,0,1,1
1971,thegifts,0,1,1
1971,thefurtheradventuresofunclesamparttwo,0,1,1
1971,thebabymaker,0,1,1
1971,sunflower,0,1,1
1971,stickymyfingersfleetmyfeet,0,1,1
1971,shutupimcrying,0,1,1
1971,saygoodbye,0,1,1
1971,piecesofdreams,0,1,1
1971,paixsurleschamps,0,1,1
1972,carnalknowledge,0,1,1
1972,blessthebeastschildren,0,1,1
1972,artis,0,1,1
1972,alaskawildernesslake,0,1,1
1972,adventuresinperception,0,1,1
1973,apeandsuperape,0,1,1
1973,ben,0,1,1
1973,fatcity,0,1,1
1973,frogstory,0,1,1
1974,pulcinella,0,1,1
1974,papillon,0,1,1
1974,ludwig,0,1,1
1974,liveandletdie,0,1,1
1974,linvitation,0,1,1
1974,lifetimesnine,0,1,1
1974,journeytotheouterlimits,0,1,1
1974,jesuschristsuperstar,0,1,1
1974,fourstonesforkanemitsu,0,1,1
1974,clockmaker,0,1,1
1974,christosvalleycurtain,0,1,1
1974,childrenatworkpaistiagobair,0,1,1
1974,brothersunsistermoon,0,1,1
1974,battleofberlin,0,1,1
1974,bangthedrumslowly,0,1,1
1974,robinhood,0,1,1
1974,thedayofthejackal,0,1,1
1974,thehouseonchelouchestreet,0,1,1
1975,antoniaaportraitofthewoman,0,1,1
1974,thelegendofjohnhenry,0,1,1
1974,wallsoffire,0,1,1
1974,turkishdelight,0,1,1
1974,thepedestrian,0,1,1
1974,background,0,1,1
1974,alwaysanewbeginning,0,1,1
1973,manson,0,1,1
1973,solo,0,1,1
1973,sellingout,0,1,1
1973,napoleonandsamantha,0,1,1
1973,mydearestseorita,0,1,1
1973,murmuroftheheart,0,1,1
1973,manoflamancha,0,1,1
1973,malcolmx,0,1,1
1973,kz,0,1,1
1973,kamasutraridesagain,0,1,1
1973,images,0,1,1
1973,iloveyourosa,0,1,1
1973,hundertwassersrainyday,0,1,1
1973,thedawnsherearequiet,0,1,1
1973,thehotrock,0,1,1
1973,tuptup,0,1,1
1973,thelifeandtimesofjudgeroybean,0,1,1
1973,thetideoftraffic,0,1,1
1973,thestepmother,0,1,1
1973,thesilentrevolution,0,1,1
1973,therulingclass,0,1,1
1973,thenewland,0,1,1
1973,thelittleark,0,1,1
1978,theothersideofmidnight,0,1,1
1978,therescuers,0,1,1
1978,theshetlandexperience,0,1,1
1984,inthenuclearshadowwhatcanthechildrentellus,0,1,1
1984,heartlikeawheel,0,1,1
1984,goodietwoshoes,0,1,1
1984,firstcontact,0,1,1
1984,entrenous,0,1,1
1984,childrenofdarkness,0,1,1
1984,carmen,0,1,1
1984,bluethunder,0,1,1
1984,betrayal,0,1,1
1984,jobsrevolt,0,1,1
1984,lebal,0,1,1
1984,mickeyschristmascarol,0,1,1
1984,thereturnofmartinguerre,0,1,1
1984,youarefreeihrzentfrei,0,1,1
1984,underfire,0,1,1
1984,tradingplaces,0,1,1
1984,tobeornottobe,0,1,1
1984,thestingii,0,1,1
1984,theprofessionofarms,0,1,1
1984,nevercrywolf,0,1,1
1984,testament,0,1,1
1984,spacesthearchitectureofpaulrudolph,0,1,1
1984,soundofsunshinesoundofrain,0,1,1
1984,sewingwoman,0,1,1
1984,seeingred,0,1,1
1984,overnightsensation,0,1,1
1978,unionmaids,0,1,1
1983,coupdetorchoncleanslate,0,1,1
1983,bestfriends,0,1,1
1983,bensmill,0,1,1
1983,balletrobotique,0,1,1
1983,aportraitofgiselle,0,1,1
1983,alsinoandthecondor,0,1,1
1983,aftertheaxe,0,1,1
1982,urgetobuild,0,1,1
1982,threebrothers,0,1,1
1983,diner,0,1,1
1983,godsofmetal,0,1,1
1983,inourwater,0,1,1
1983,thegreatcognito,0,1,1
1983,yesgiorgio,0,1,1
1983,travelinghopefully,0,1,1
1983,toliveorletdie,0,1,1
1983,thesnowman,0,1,1
1983,thesilence,0,1,1
1983,theklanalegacyofhateinamerica,0,1,1
1983,theflightoftheeagle,0,1,1
1983,myfavoriteyear,0,1,1
1983,thebestlittlewhorehouseintexas,0,1,1
1983,srednivashtar,0,1,1
1983,splitcherrytree,0,1,1
1983,rockyiii,0,1,1
1983,privatelife,0,1,1
1983,onefromtheheart,0,1,1
1986,rainbowwar,0,1,1
1986,makingoverturesthestoryofacommunityorchestra,0,1,1
1986,lasmadresthemothersofplazademayo,0,1,1
1986,keatsandhisnightingaleablinddate,0,1,1
1986,jaggededge,0,1,1
1986,graffiti,0,1,1
1986,colonelredl,0,1,1
1986,angryharvest,0,1,1
1986,rambofirstbloodpartii,0,1,1
1986,remowilliamstheadventurebegins,0,1,1
1986,returntooz,0,1,1
1986,thestatueofliberty,0,1,1
1986,whenfatherwasawayonbusiness,0,1,1
1986,unfinishedbusiness,0,1,1
1986,twiceinalifetime,0,1,1
1986,threemenandacradle,0,1,1
1986,thewizardofthestrings,0,1,1
1986,thepurpleroseofcairo,0,1,1
1986,secondclassmail,0,1,1
1986,thejourneyofnattygann,0,1,1
1986,thecouragetocare,0,1,1
1986,thebigsnit,0,1,1
1986,sweetdreams,0,1,1
1986,soldiersinhiding,0,1,1
1985,wartimeromance,0,1,1
1985,codegrayethicaldilemmasinnursing,0,1,1
1985,highschools,0,1,1
1985,elnorte,0,1,1
1985,dune,0,1,1
1985,doublefeature,0,1,1
1985,doctordesoto,0,1,1
1985,country,0,1,1
1985,camila,0,1,1
1985,inthenameofthepeople,0,1,1
1985,beyondthewalls,0,1,1
1985,beverlyhillscop,0,1,1
1985,againstallodds,0,1,1
1985,marlene,0,1,1
1985,thepopeofgreenwichvillage,0,1,1
1985,swingshift,0,1,1
1985,thepainteddoor,0,1,1
1985,themuppetstakemanhattan,0,1,1
1985,thekaratekid,0,1,1
1985,thegardenofeden,0,1,1
1985,thechildrenofsoongchingling,0,1,1
1985,talesofmeetingandparting,0,1,1
1985,streetwise,0,1,1
1985,paradise,0,1,1
1985,starman,0,1,1
1985,splash,0,1,1
1985,songwriter,0,1,1
1985,romancingthestone,0,1,1
1985,rolandjoff,0,1,1
1985,recollectionsofpavlovsk,0,1,1
1982,thetendertaleofcinderellapenguin,0,1,1
1982,thegreatmuppetcaper,0,1,1
1982,thecreation,0,1,1
1980,thechamp,0,1,1
1980,asimplestory,0,1,1
1980,agatha,0,1,1
1980,braveryinthefield,0,1,1
1980,butchandsundancetheearlydays,0,1,1
1980,mamaturnsahundred,0,1,1
1980,sollysdiner,0,1,1
1980,rememberme,0,1,1
1980,ohbrothermybrother,0,1,1
1980,nails,0,1,1
1980,moonraker,0,1,1
1980,meteor,0,1,1
1980,koryoceladon,0,1,1
1980,chaptertwo,0,1,1
1980,itssonicetohaveawolfaroundthehouse,0,1,1
1980,icecastles,0,1,1
1980,goingthedistance,0,1,1
1980,generationonthewind,0,1,1
1980,dreamdoll,0,1,1
1980,dae,0,1,1
1979,withbabiesandbannersstoryofthewomensemergencybrigade,0,1,1
1979,whitebimblackear,0,1,1
1979,foulplay,0,1,1
1979,comesahorseman,0,1,1
1979,caravans,0,1,1
1979,bloodbrothers,0,1,1
1979,anencounterwithfaces,0,1,1
1979,adifferentapproach,0,1,1
1979,grease,0,1,1
1979,goodnightmissann,0,1,1
1979,hooper,0,1,1
1979,vivaitalia,0,1,1
1979,strangefruit,0,1,1
1979,theswarm,0,1,1
1979,themagicoflassie,0,1,1
1979,theloverswind,0,1,1
1979,theglasscell,0,1,1
1979,thedividedtrailanativeamericanodyssey,0,1,1
1979,thebrinksjob,0,1,1
1979,squiresofsanquentin,0,1,1
1979,hungarians,0,1,1
1979,ripvanwinkle,0,1,1
1979,raoni,0,1,1
1979,prettybaby,0,1,1
1979,ohmydarling,0,1,1
1979,mysteriouscastlesofclay,0,1,1
1979,mandysgrandmother,0,1,1
1980,theamityvillehorror,0,1,1
1980,theelectrichorseman,0,1,1
1982,theboatisfull,0,1,1
1980,theeuropeans,0,1,1
1981,whentimeranout,0,1,1
1981,tribute,0,1,1
1981,theyellowstarthepersecutionofthejewsineurope193345,0,1,1
1981,thenest,0,1,1
1981,thelastmetro,0,1,1
1981,theformula,0,1,1
1981,theeruptionofmountsthelens,0,1,1
1981,thedayaftertrinity,0,1,1
1981,thebluelagoon,0,1,1
1982,againstwindandtideacubanodyssey,0,1,1
1982,americasintransition,0,1,1
1982,brooklynbridge,0,1,1
1982,heavensgate,0,1,1
1982,seewhatisay,0,1,1
1982,princeofthecity,0,1,1
1982,outland,0,1,1
1982,muddyriver,0,1,1
1982,manofiron,0,1,1
1982,journeyforsurvival,0,1,1
1982,heartbeeps,0,1,1
1982,couplesandrobbers,0,1,1
1982,foryoureyesonly,0,1,1
1982,firstwinter,0,1,1
1982,excalibur,0,1,1
1982,endlesslove,0,1,1
1982,elsalvadoranothervietnam,0,1,1
1982,eightminutestomidnightaportraitofdrhelencaldicott,0,1,1
1981,somewhereintime,0,1,1
1981,ninetofive,0,1,1
1981,mybrilliantcareer,0,1,1
1980,toforgetvenice,0,1,1
1980,thewarathome,0,1,1
1980,thesolarfilm,0,1,1
1980,thepromise,0,1,1
1980,themaidsofwilko,0,1,1
1980,thekillingground,0,1,1
1981,agee,0,1,1
1981,mononcledamerique,0,1,1
1981,gloria,0,1,1
1981,luthermetkeat94,0,1,1
1981,itsthesameworld,0,1,1
1981,insidemoves,0,1,1
1981,honeysucklerose,0,1,1
1981,historyoftheworldinthreeminutesflat,0,1,1
1981,frontline,0,1,1
1981,ajuryofherpeers,0,1,1
1981,fallline,0,1,1
1981,dontmesswithbill,0,1,1
1981,confidence,0,1,1
1981,brubaker,0,1,1
1981,breakermorant,0,1,1
1981,allnothing,0,1,1
1971,oisin,0,1,1
1971,madron,0,1,1
1961,thecreationofwoman,0,1,1
1961,visittoasmallplanet,0,1,1
1961,universe,0,1,1
1961,tunesofglory,0,1,1
1961,theriseandfalloflegsdiamond,0,1,1
1961,theninthcircle,0,1,1
1961,themagnificentseven,0,1,1
1961,thelastvoyage,0,1,1
1961,theentertainer,0,1,1
1962,backstreet,0,1,1
1962,cradleofgenius,0,1,1
1962,claudelleinglish,0,1,1
1962,breakingthelanguagebarrier,0,1,1
1962,beepprepared,0,1,1
1962,ballonvoleplayball,0,1,1
1962,balladofasoldier,0,1,1
1962,bachelorinparadise,0,1,1
1962,aquamania,0,1,1
1962,amajorityofone,0,1,1
1961,thedarkatthetopofthestairs,0,1,1
1961,theangrysilence,0,1,1
1960,therunningjumpingandstandingstillfilm,0,1,1
1961,seventhieves,0,1,1
1961,asportisborn,0,1,1
1961,aplaceinthesun,0,1,1
1961,acitycalledcopenhagen,0,1,1
1960,wildstrawberries,0,1,1
1960,theyoungland,0,1,1
1960,theviolinist,0,1,1
1961,bellsareringing,0,1,1
1961,beyondsilence,0,1,1
1961,lavrit,0,1,1
1961,rebelinparadise,0,1,1
1961,murderinc,0,1,1
1961,mouseandgarden,0,1,1
1961,midnightlace,0,1,1
1961,macario,0,1,1
1961,letsmakelove,0,1,1
1961,kapo,0,1,1
1961,georgegroszinterregnum,0,1,1
1961,itstartedinnaples,0,1,1
1961,islandsofthesea,0,1,1
1961,hiroshimamonamour,0,1,1
1961,hightime,0,1,1
1961,highnote,0,1,1
1961,goliathii,0,1,1
1962,generaldellarovere,0,1,1
1962,harryandthebutler,0,1,1
1962,immortallove,0,1,1
1962,kahl,0,1,1
1963,tenderisthenight,0,1,1
1963,tarasbulba,0,1,1
1963,symposiumonpopularsongs,0,1,1
1963,selfdefenseforcowards,0,1,1
1963,phaedra,0,1,1
1963,periodofadjustment,0,1,1
1963,pan,0,1,1
1963,nowhearthis,0,1,1
1963,mygeisha,0,1,1
1963,longdaysjourneyintonight,0,1,1
1963,lolita,0,1,1
1963,lastyearatmarienbad,0,1,1
1963,keeperofpromisesthegivenword,0,1,1
1963,icarusmontgolfierwright,0,1,1
1963,hatari,0,1,1
1963,thecadillac,0,1,1
1963,thecliffdwellersformerlytitledoneplusone,0,1,1
1963,thefourdaysofnaples,0,1,1
1963,thejohnglennstory,0,1,1
1963,walkonthewildside,0,1,1
1963,tlayucan,0,1,1
1963,throughaglassdarkly,0,1,1
1963,theroadtothewall,0,1,1
1963,thepigeonthattookrome,0,1,1
1963,themanwhoshotlibertyvalance,0,1,1
1963,gigot,0,1,1
1963,electra,0,1,1
1963,billyrosesjumbo,0,1,1
1962,parisblues,0,1,1
1962,themark,0,1,1
1962,theimportantman,0,1,1
1962,thefaceofjesus,0,1,1
1962,rooftopsofnewyork,0,1,1
1962,placido,0,1,1
1962,onetwothree,0,1,1
1962,theromanspringofmrsstone,0,1,1
1962,oneeyedjacks,0,1,1
1962,nellysfolly,0,1,1
1962,luomoingrigiothemaningray,0,1,1
1962,lovercomeback,0,1,1
1962,lagrandeolimpiadeolympicgames1960,0,1,1
1962,khovanshchina,0,1,1
1962,thepiedpiperofguadalupe,0,1,1
1962,townwithoutpity,0,1,1
1963,billybudd,0,1,1
1963,bigcityblues,0,1,1
1963,alvoradabrazilschangingface,0,1,1
1962,veryniceverynice,0,1,1
1962,yojimbo,0,1,1
1960,thevillageontheriver,0,1,1
1960,theraceforspace,0,1,1
1971,littlebigman,0,1,1
1958,aprillove,0,1,1
1958,ahatfulofrain,0,1,1
1958,afarewelltoarms,0,1,1
1958,achairytale,0,1,1
1958,boyonadolphin,0,1,1
1958,cityofgold,0,1,1
1958,footholdonantarctica,0,1,1
1958,tabascoroad,0,1,1
1958,thetinstar,0,1,1
1958,thespiritofstlouis,0,1,1
1958,thedevilcameatnight,0,1,1
1958,thebachelorparty,0,1,1
1958,tammyandthebachelor,0,1,1
1958,portugal,0,1,1
1958,gatesofparis,0,1,1
1958,perri,0,1,1
1958,onthebowery,0,1,1
1958,onedroopyknight,0,1,1
1958,ninelives,0,1,1
1958,motherindia,0,1,1
1958,manofathousandfaces,0,1,1
1960,thehangingtree,0,1,1
1957,meetmeinlasvegas,0,1,1
1957,maninspace,0,1,1
1957,ineverforgetaface,0,1,1
1957,harpofburma,0,1,1
1957,gervaise,0,1,1
1957,geraldmcboingboingonplanetmoo,0,1,1
1957,forbiddenplanet,0,1,1
1957,cowdog,0,1,1
1957,busstop,0,1,1
1957,betweenheavenandhell,0,1,1
1957,acitydecides,0,1,1
1957,qivitoq,0,1,1
1957,richardiii,0,1,1
1957,samoa,0,1,1
1957,thenakedeye,0,1,1
1957,wheremountainsfloat,0,1,1
1957,umbertod,0,1,1
1957,timestoodstill,0,1,1
1957,theproudandthebeautiful,0,1,1
1957,thepowerandtheprize,0,1,1
1957,theladykillers,0,1,1
1957,thejaywalker,0,1,1
1957,thehousewithoutaname,0,1,1
1957,thehardertheyfall,0,1,1
1957,thecaptainofkopenick,0,1,1
1957,thebestthingsinlifearefree,0,1,1
1957,stagecoachtofury,0,1,1
1958,thetruthaboutmothergoose,0,1,1
1958,torero,0,1,1
1958,treesandjamaicadaddy,0,1,1
1958,vitelloni,0,1,1
1959,torpedorun,0,1,1
1959,tisfortumbleweed,0,1,1
1959,theusualunidentifiedthieves,0,1,1
1959,thesheepman,0,1,1
1960,betweenthetides,0,1,1
1960,donaldinmathmagicland,0,1,1
1960,sayoneforme,0,1,1
1960,thegreatwar,0,1,1
1960,thegazebo,0,1,1
1960,thebridge,0,1,1
1960,the400blows,0,1,1
1960,sleepingbeauty,0,1,1
1960,skyscraper,0,1,1
1960,paw,0,1,1
1960,fromgenerationtogeneration,0,1,1
1960,operationpetticoat,0,1,1
1960,noahsark,0,1,1
1960,mysteriesofthedeep,0,1,1
1960,mexicalishmoes,0,1,1
1960,lilabner,0,1,1
1960,libel,0,1,1
1959,theroadayearlong,0,1,1
1959,thelivingstone,0,1,1
1959,thekiss,0,1,1
1959,damnyankees,0,1,1
1959,cowboy,0,1,1
1959,atimetoloveandatimetodie,0,1,1
1959,armsandtheman,0,1,1
1959,antarcticcrossing,0,1,1
1959,employeesonly,0,1,1
1959,desireundertheelms,0,1,1
1959,lavenganza,0,1,1
1959,theinnofthesixthhappiness,0,1,1
1959,thehorsesmouth,0,1,1
1959,thehiddenworld,0,1,1
1959,thegoddess,0,1,1
1959,thebuccaneer,0,1,1
1959,thebrotherskaramazov,0,1,1
1959,thebolshoiballet,0,1,1
1959,snowsofaorangi,0,1,1
1959,lonelyhearts,0,1,1
1959,sidneysfamilytree,0,1,1
1959,psychiatricnursing,0,1,1
1959,paulbunyan,0,1,1
1959,overture,0,1,1
1959,marjoriemorningstar,0,1,1
1959,mardigras,0,1,1
1968,seeyouatthepillar,0,1,1
1968,whileirunthisrace,0,1,1
1968,whatonearth,0,1,1
1968,waituntildark,0,1,1
1968,valleyofthedolls,0,1,1
1968,ulysses,0,1,1
1968,twofortheroad,0,1,1
1968,tobruk,0,1,1
1968,thewhisperers,0,1,1
1968,thejunglebook,0,1,1
1968,thehappiestmillionaire,0,1,1
1968,stoplookandlisten,0,1,1
1969,forloveofivy,0,1,1
1969,theboysofpaulstreet,0,1,1
1969,stolenkisses,0,1,1
1969,prelude,0,1,1
1969,othervoices,0,1,1
1969,hotmillions,0,1,1
1969,duo,0,1,1
1969,chittychittybangbang,0,1,1
1969,awayoutofthewilderness,0,1,1
1969,aspacetogrow,0,1,1
1969,afewnotesonourfoodproblem,0,1,1
1968,skyoverholland,0,1,1
1968,portraitofchieko,0,1,1
1964,agatheringofeagles,0,1,1
1968,paddletothesea,0,1,1
1967,youreabigboynow,0,1,1
1967,turkeythebridge,0,1,1
1967,three,0,1,1
1967,thewinningstrain,0,1,1
1967,thesingingnun,0,1,1
1967,theshoponmainstreet,0,1,1
1967,thereallybigfamily,0,1,1
1967,thepinkblueprint,0,1,1
1967,theoddsagainst,0,1,1
1967,thenakedprey,0,1,1
1968,akingsstory,0,1,1
1968,festival,0,1,1
1968,monumenttothedream,0,1,1
1968,liveforlife,0,1,1
1968,laguerreestfinie,0,1,1
1968,ievenmethappygypsies,0,1,1
1968,hypothesebeta,0,1,1
1968,harvest,0,1,1
1968,farfromthemaddingcrowd,0,1,1
1968,atimeforburning,0,1,1
1968,elamorbrujo,0,1,1
1968,divorceamericanstyle,0,1,1
1968,casinoroyale,0,1,1
1968,beachred,0,1,1
1968,barefootinthepark,0,1,1
1968,banning,0,1,1
1969,thedove,0,1,1
1969,thefiremensball,0,1,1
1969,thefixer,0,1,1
1969,thefox,0,1,1
1970,walking,0,1,1
1970,thewolfmen,0,1,1
1970,theolympicsinmexico,0,1,1
1970,thedamned,0,1,1
1970,thebrotherskaramazov,0,1,1
1970,thebattleofneretva,0,1,1
1970,peoplesoup,0,1,1
1970,paintyourwagon,0,1,1
1970,ofmenanddemons,0,1,1
1971,diaryofamadhousewife,0,1,1
1971,kingafilmedrecordmontgomerytomemphis,0,1,1
1971,joe,0,1,1
1971,jackjohnson,0,1,1
1971,hoabinh,0,1,1
1971,firstlove,0,1,1
1971,fellinisatyricon,0,1,1
1971,chariotsofthegods,0,1,1
1971,alongwayfromnowhere,0,1,1
1971,aboynamedcharliebrown,0,1,1
1970,mynightatmauds,0,1,1
1970,leobeuerman,0,1,1
1970,lastsummer,0,1,1
1969,windyday,0,1,1
1969,wildinthestreets,0,1,1
1969,theyounggirlsofrochefort,0,1,1
1969,therevolvingdoor,0,1,1
1969,themagicpeartree,0,1,1
1969,thelegendarychampions,0,1,1
1969,thehousethatjackbuilt,0,1,1
1969,thehousethatanandabuilt,0,1,1
1969,thegirlwiththepistol,0,1,1
1970,krakatoaeastofjava,0,1,1
1970,animpressionofjohnsteinbeckwriter,0,1,1
1970,jennyisagoodthing,0,1,1
1970,intheyearofthepig,0,1,1
1970,goodbyecolumbus,0,1,1
1970,dalen31,0,1,1
1970,blake,0,1,1
1970,beforethemountainwasmoved,0,1,1
1970,alicesrestaurant,0,1,1
1967,thefaceofgenius,0,1,1
1967,thedrag,0,1,1
1967,thebible,0,1,1
1965,thelivelyset,0,1,1
1965,fateisthehunter,0,1,1
1965,dearheart,0,1,1
1965,christmascracker,0,1,1
1965,childrenwithout,0,1,1
1965,cheyenneautumn,0,1,1
1965,breakingthehabit,0,1,1
1965,ahouseisnotahome,0,1,1
1965,140daysundertheworld,0,1,1
1965,fourdaysinnovember,0,1,1
1965,helpmysnowmansburningdown,0,1,1
1965,howtoavoidfriendship,0,1,1
1965,seanceonawetafternoon,0,1,1
1965,thehumandutch,0,1,1
1965,thefinesthours,0,1,1
1965,thefalloftheromanempire,0,1,1
1965,thechalkgarden,0,1,1
1965,thebestman,0,1,1
1965,thatmanfromrio,0,1,1
1965,sallah,0,1,1
1965,kenojuak,0,1,1
1965,ravensend,0,1,1
1965,overthere191418,0,1,1
1965,onepotatotwopotato,0,1,1
1965,nudnik2,0,1,1
1965,marriageitalianstyle,0,1,1
1965,kissesformypresident,0,1,1
1964,mondocane,0,1,1
1964,thebirds,0,1,1
1964,thebalcony,0,1,1
1964,thatsme,0,1,1
1964,sixsidedtriangle,0,1,1
1964,pianissimo,0,1,1
1964,myfinancialcareer,0,1,1
1964,lostarantos,0,1,1
1964,theconcert,0,1,1
1964,lemaillonetlachainethelinkandthechain,0,1,1
1964,knifeinthewater,0,1,1
1964,homemadecar,0,1,1
1964,comeblowyourhorn,0,1,1
1964,charade,0,1,1
1964,automania2000,0,1,1
1964,thecaretakers,0,1,1
1964,thefivecitiesofjune,0,1,1
1964,theswordinthestone,0,1,1
1964,wivesandlovers,0,1,1
1964,twinsistersofkyoto,0,1,1
1964,toysintheattic,0,1,1
1964,toliveagain,0,1,1
1964,thirtymillionletters,0,1,1
1964,theyanksarecoming,0,1,1
1964,thestripper,0,1,1
1964,thefourdaysofnaples,0,1,1
1964,thespiritofamerica,0,1,1
1964,theredlanterns,0,1,1
1964,thelshapedroom,0,1,1
1964,theleopard,0,1,1
1964,thegreatescape,0,1,1
1964,thegameigra,0,1,1
1965,thelegendofjimmyblueeyes,0,1,1
1965,theorganizer,0,1,1
1967,thebattleofalgiers,0,1,1
1965,thepinkpanther,0,1,1
1966,yeatscountry,0,1,1
1966,womaninthedunes,0,1,1
1966,whatsnewpussycat,0,1,1
1966,vonryansexpress,0,1,1
1966,todieinmadrid,0,1,1
1966,timepiece,0,1,1
1966,thosemagnificentmenintheirflyingmachines,0,1,1
1966,thetrain,0,1,1
1966,thethievingmagpielagazzaladra,0,1,1
1967,lovesofablonde,0,1,1
1967,stoptheworldiwanttogetoff,0,1,1
1967,seconds,0,1,1
1967,saintmatthewpassion,0,1,1
1967,returnoftheseven,0,1,1
1967,pharaoh,0,1,1
1967,mandragola,0,1,1
1967,levolcaninterdittheforbiddenvolcano,0,1,1
1967,khartoum,0,1,1
1967,helicoptercanada,0,1,1
1967,cowboy,0,1,1
1967,anamericandream,0,1,1
1967,adolescence,0,1,1
1966,thepleasureseekers,0,1,1
1966,thepawnbroker,0,1,1
1966,theforthroadbridge,0,1,1
1965,womaninthedunes,0,1,1
1965,wherelovehasgone,0,1,1
1965,thevisit,0,1,1
1965,theumbrellasofcherbourg,0,1,1
1965,thepumpkineater,0,1,1
1966,aragetolive,0,1,1
1966,thebattleofthebulgethebraverifles,0,1,1
1966,marriageitalianstyle,0,1,1
1966,snow,0,1,1
1966,skaterdater,0,1,1
1966,shenandoah,0,1,1
1966,pointofview,0,1,1
1966,ouverture,0,1,1
1966,muralonourstreet,0,1,1
1966,letmypeoplego,0,1,1
1966,bloodontheland,0,1,1
1966,kwaidan,0,1,1
1966,inharmsway,0,1,1
1966,fortressofpeace,0,1,1
1966,dearjohn,0,1,1
1966,clayortheoriginofspecies,0,1,1
1966,casanova70,0,1,1
